60.3  0.77 1.24 1.55  0.57   28.29 0.
48.4  0.07 0.10 0.12 13.22   16.54 4.35
11.0  0.51 0.76 0.89  0.79   12.08 0.
18.7  0.29 0.46 0.56  3.07    0.49 0.
34.5  0.35 0.51 0.59  1.23  179.08 0.
57.2  0.10 0.16 0.20  7.50  195.42 3.57
64.6  0.13 0.17 0.19  5.32  697.80 0.74
13.6  0.04 0.06 0.07 31.31    0.83 0.90
18.3  0.23 0.32 0.37  2.09  111.63 0.
56.1  0.33 0.53 0.65  1.45    0.22 0.
50.8  0.04 0.05 0.06 33.39   81.75 1.82
48.1  0.04 0.07 0.08 19.56   24.83 2.11
12.3  0.15 0.22 0.25  2.83    6.47 0.90
23.9  0.24 0.35 0.41  1.19   79.75 0.
55.6  0.88 1.47 1.76  1.18    3.41 1.06
26.6  0.17 0.25 0.29 13.12  296.43 0.
 7.1  0.60 0.86 1.00  0.84    0.35 0.
69.0  0.12 0.18 0.22  4.72  288.26 1.37
24.3  0.71 1.08 1.28  0.27    3.77 0.
48.9  1.03 1.56 1.81  0.22   61.75 0.
59.9  0.10 0.19 0.23 13.54 5461.08 0.
13.6  0.35 0.53 0.62  1.82   72.46 0.
34.6  0.16 0.23 0.27  2.62   14.79 0.
87.9  0.27 0.42 0.51  2.42  272.44 0.
53.4  1.51 2.37 2.99  0.42   41.75 0.
40.7  0.53 0.80 0.93  1.73    0.74 0.
 3.4  0.19 0.27 0.31  3.39  435.96 2.83
