0.20	793.61
0.12	1422.89
0.09	1003.36
0.19	680.34
0.11	594.79
0.14	431.92
0.01	727.40
0.17	457.88
0.06	1129.11
0.19	5714.43
0.13	904.62
0.05	2109.33
0.16	1221.97
0.21	544.17
0.22	729.58
0.11	1331.34
0.16	1968.84
0.17	986.62
0.31	531.40
0.07	764.76
0.10	11846.37
0.15	1530.95
0.19	599.08
0.09	1698.65
0.07	4785.53
0.16	1047.77
0.06	1170.86
0.11	837.86
0.14	903.31
0.05	855.24
0.20	1001.26
0.17	807.04
0.08	435.77
0.03	699.83
0.12	3970.03
0.07	791.16
0.04	1910.74
0.07	755.68
0.07	4130.01
0.04	3164.73
0.07	1145.54
0.15	2382.98
0.17	719.74
0.16	3827.82
0.09	1393.17
0.12	3486.76
0.22	989.12
0.06	1071.46
0.17	491.98
0.05	2001.55
0.08	1598.10
0.16	568.23
0.19	920.41
0.07	1537.80
0.08	643.95
0.13	1929.21
0.10	1414.28
0.15	866.08
0.16	973.12
0.05	819.07
0.11	978.82
0.05	3166.30
0.12	2869.48
0.13	3221.37
0.14	1020.75
0.08	1178.13
0.      756.10
0.09	15897.52
0.21	464.89
0.05	2854.25
0.07	1138.80
0.13	1939.23
0.14	436.91
0.06	817.74
0.07	1372.18
0.07	4913.54
0.16	2515.52
0.18	645.59
0.11	1047.73
0.06	1419.64
0.03	311.05
0.09	2256.73
0.04	351.07
0.05	1717.63
0.03	860.78
0.04	561.49
0.18	1131.32
0.09	1267.55
0.09	1106.49
0.08	1336.82
0.06	1830.34
0.10	538.19
0.10	5341.73
0.13	4061.25
0.05	439.86
0.03	1209.12
0.10	6420.90
0.20	924.86
0.11	977.27
0.10	2504.35
0.25	565.09
0.28	1020.78
0.33	562.50
0.04	3333.76
0.07	481.51
0.12	1706.07
0.09	2694.61
0.03	2435.46
0.03	380.74
0.09	597.21
0.10	1044.18
0.06	1257.97
0.06	2871.88
0.05	825.58
0.08	392.43
0.15	2303.11
0.11	2517.99
0.07	3228.17
0.06	1974.98
0.09	3371.33
0.17	690.27
0.12	3390.00
0.10	3248.94
0.17	794.70
0.10	1357.47
0.20	751.70
0.18	601.42
0.09	1333.79
0.14	1285.45
0.11	3825.41
0.18	1260.30
0.08	2765.25
0.17	715.54
0.13	963.36
0.16	394.75
0.21	498.73
0.04	1478.73
0.09	1519.02
0.13	1016.05
0.06	2101.38
0.05	518.66
0.05	923.91
0.08	1169.56
0.08	1675.24
0.13	2135.02
0.13	2175.80
0.08	2018.28
0.32	1023.81
0.15	326.46
0.04	724.70
0.05	679.90
0.08	674.17
0.15	2880.25
0.11	767.19
0.03	950.90
0.15	3129.32
0.11	1190.84
0.12	1344.68
0.15	663.93
0.01	877.56
0.08	2492.70
0.10	5332.33
0.06	1768.56
0.08	5166.76
0.12	1723.90
0.13	6446.31
0.10	1658.47
0.13	2970.82
0.12	2003.90
0.10	475.34
0.10	412.27
0.19	822.54
0.06	598.19
0.09	6387.47
0.05	338.26
0.12	1149.39
0.12	3205.58
0.08	2137.84
0.02	432.77
0.10	2435.97
0.01	505.08
0.08	4124.14
0.16	1547.56
0.09	4250.79
0.15	499.97
0.04	426.91
0.06	749.32
0.11	4024.03
0.14	3800.45
0.07	3861.96
0.12	1651.72
0.16	938.15
0.04	358.69
0.08	2476.36
0.09	637.50
0.19	984.40
0.18	765.21
0.14	1422.09
0.15	779.61
0.13	1288.91
0.03	1129.85
0.06	996.41
0.17	344.36
0.09	668.95
0.09	4790.20
0.12	7099.53
0.07	2275.87
0.06	1641.60
0.20	1601.98
0.09	937.05
0.11	5548.58
0.09	559.08
0.09	3425.70
0.14	1193.95
0.14	1248.92
0.09	868.92
0.10	6409.04
0.15	1129.93
0.14	1159.03
0.11	2209.07
0.05	2851.11
0.12	2077.05
0.07	3186.29
0.13	1404.02
0.06	5290.87
0.02	1000.92
0.06	1952.78
0.20	1215.35
0.11	6389.39
0.15	372.76
0.11	1279.15
0.16	2028.83
0.08	1528.88
0.14	340.30
0.18	465.65
0.10	2594.44
0.17	740.98
0.07	2446.51
0.04	696.37
0.08	4802.98
0.05	1162.90
0.07	2566.40
0.09	1277.62
0.20	541.05
0.11	7383.65
0.09	3313.40
0.11	515.40
0.05	1316.28
0.15	250.67
0.16	750.06
0.17	1517.13
0.13	1126.93
0.09	1074.15
0.11	718.60
0.12	907.23
0.09	359.22
0.16	2477.15
0.08	939.36
0.12	3180.44
0.04	549.16
0.11	1032.30
0.07	1005.00
0.40	720.96
0.13	1501.17
0.04	296.04
0.21	546.65
0.18	910.02
0.16	922.58
0.07	715.82
0.17	763.40
0.15	619.14
0.10	1504.30
0.09	688.47
0.15	10836.59
0.12	1402.80
0.20	818.41
0.09	970.17
0.08	2540.97
0.09	1234.93
0.13	1174.44
0.11	713.08
0.03	618.12
0.19	8021.32
0.04	3051.77
0.17	1560.33
0.08	867.35
0.22	404.88
0.11	758.25
0.19	832.41
0.19	349.64
0.01	734.91
0.14	789.94
0.11	1505.28
0.15	2439.41
0.12	553.89
0.04	1377.44
0.15	5510.36
0.10	3494.13
0.17	1039.72
0.21	736.89
0.12	2191.74
0.07	582.75
0.11	8307.81
0.10	837.27
0.22	891.10
0.06	3302.72
0.19	4971.16
0.17	910.47
0.24	691.83
0.10	4396.85
0.04	450.33
0.06	2360.36
0.25	1065.45
0.08	352.90
0.02	1255.36
0.18	1521.66
0.08	363.71
0.15	1012.69
0.11	414.32
0.11	834.96
0.16	743.54
0.02	358.51
0.15	939.20
0.13	565.48
0.22	1036.82
0.18	930.24
0.09	4505.32
0.12	2150.34
0.10	1289.70
0.18	1168.02
0.09	4338.78
0.25	1162.14
0.08	6283.11
0.09	833.85
0.03	5923.71
0.20	773.81
0.11	859.54
0.04	1309.73
0.11	1022.97
0.11	3157.25
0.23	534.40
0.15	6735.73
0.06	2709.35
0.22	782.03
0.12	517.40
0.04	1034.76
0.15	1842.32
0.12	880.15
0.17	704.37
0.02	1874.43
0.20	6273.91
0.04	457.71
0.07	1016.39
0.10	1480.91
0.16	2656.59
0.07	1230.38
0.11	470.59
0.58	719.04
0.      392.31
0.17	1257.59
0.10	828.80
0.12	2122.64
0.10	334.26
0.28	749.11
0.20	596.78
0.10	1135.52
0.05	1208.47
0.17	737.36
0.05	709.59
0.06	671.88
0.23	1117.38
0.09	1394.64
0.01	485.02
0.12	1627.25
0.15	1992.76
0.07	596.89
0.11	4468.57
0.10	1380.86
0.21	532.39
0.10	1569.00
0.01	371.97
0.16	1144.21
0.15	336.99
0.16	1422.95
0.18	942.86
0.06	3674.08
0.17	517.24
0.14	941.98
0.15	1806.36
0.04	3006.36
0.07	2292.05
0.14	854.45
0.14	746.00
0.30	530.66
0.12	1179.72
0.18	1641.24
0.11	1282.75
0.13	1838.93
0.23	779.41
0.08	3595.65
0.05	530.56
0.15	4897.91
0.12	1508.30
0.07	3368.77
0.08	3775.24
0.12	1419.58
0.06	1371.85
0.19	591.35
0.07	830.12
0.07	387.33
0.11	961.88
0.09	4275.93
0.23	1229.09
0.11	2471.12
0.13	2952.69
0.14	959.87
0.04	1294.20
0.05	1078.65
0.02	852.12
0.24	1421.54
0.05	2470.72
0.      640.49
0.09	2151.52
0.19	1271.05
0.11	1808.45
0.10	667.94
0.04	1039.73
0.08	2955.33
0.15	4634.97
0.07	1952.94
0.12	2704.67
0.06	925.03
0.04	2405.48
0.05	1163.60
0.09	2142.65
0.30	1112.78
0.03	1691.23
0.25	530.77
0.01	510.79
0.28	1580.17
0.15	1477.76
0.08	407.86
0.28	571.11
0.22	1071.32
0.15	643.74
0.16	892.22
0.16	848.18
0.13	438.65
0.07	951.53
0.05	1003.16
0.11	1464.80
0.14	546.11
0.16	6689.79
0.09	1310.99
0.12	1153.08
0.05	3897.70
0.09	4938.33
0.24	1090.88
0.05	4531.07
0.10	2415.52
0.05	629.97
0.04	1168.31
0.07	448.06
0.14	1137.37
0.11	401.13
0.18	738.85
0.04	1284.99
0.12	521.20
0.10	2636.00
0.16	2451.65
0.27	999.79
0.06	3340.28
0.09	1575.59
0.22	1013.63
0.18	922.79
0.19	1046.42
0.15	784.27
0.05	5903.73
0.19	548.36
0.07	1243.75
0.33	729.45
0.04	517.48
0.04	1994.36
0.12	1232.26
0.03	587.70
0.14	6938.46
0.23	581.97
0.02	428.66
0.14	746.32
0.03	462.05
0.16	562.81
0.11	5320.65
0.10	1076.97
0.22	734.10
0.10	3064.88
0.02	355.63
0.10	12777.72
0.15	767.09
0.12	747.72
0.06	482.75
0.14	869.79
0.10	11966.51
0.04	992.10
0.07	330.54
0.21	563.51
0.06	659.38
0.19	1329.53
0.08	1150.62
0.12	3064.59
0.13	1091.18
0.13	5007.16
0.15	4424.78
0.15	1999.05
0.09	2873.87
0.20	321.73
0.37	599.43
0.12	1246.34
0.30	1013.35
0.21	606.26
0.10	588.70
0.07	1150.84
0.07	1702.15
0.17	364.00
0.39	2043.83
0.09	1858.73
0.08	1088.90
0.08	7348.03
0.06	870.20
0.24	824.03
0.16	1137.64
0.15	1013.82
0.11	3048.68
0.13	1055.59
0.09	1894.00
0.19	1321.86
0.06	3119.87
0.13	343.55
0.19	22195.33
0.07	1515.03
0.02	559.82
0.04	1567.55
0.04	3110.97
0.10	847.26
0.14	2264.48
0.15	1134.17
0.07	1097.68
0.04	2423.03
0.08	1887.51
0.11	893.00
0.21	518.48
0.12	1383.93
0.03	760.30
0.08	1618.90
0.16	1072.89
0.15	6871.62
0.10	4412.85
0.12	1207.90
0.09	1807.03
0.12	7593.81
0.16	506.61
0.11	409.66
0.12	2525.48
0.04	1026.28
0.12	794.71
0.10	392.11
0.04	527.96
0.      0. 
0.13	815.61
0.10	2123.27
0.01	433.29
0.10	1756.26
0.14	960.73
0.10	1068.84
0.17	2266.15
0.14	705.14
0.05	4704.08
0.11	320.86
0.12	457.86
0.11	1907.20
0.10	1662.82
0.09	1598.81
0.18	881.58
0.27	703.25
0.17	799.41
0.14	1151.29
0.09	6607.49
0.19	2647.43
0.11	787.41
0.15	529.60
0.15	4173.80
0.09	2665.21
0.07	799.56
0.09	1885.69
0.13	374.81
0.04	557.63
0.15	5241.92
0.09	1248.87
0.16	3016.82
0.13	3665.01
0.07	1649.80
0.04	847.73
0.22	576.71
0.11	3296.32
0.22	778.00
0.15	1744.65
0.05	1192.58
0.17	784.35
0.12	741.56
0.15	20896.40
0.15	770.57
0.13	2266.38
0.15	1349.65
0.16	719.21
0.13	1041.86
0.10	1752.80
0.10	1806.73
0.15	989.87
0.14	1254.67
0.17	1547.90
0.11	609.41
0.06	2090.24
0.06	2742.36
0.09	1902.70
0.11	1169.38
0.56	638.70
0.13	1083.35
0.06	834.25
0.09	5125.24
0.15	1239.20
0.07	706.25
0.21	409.58
0.08	1938.13
0.09	996.82
0.11	1263.89
0.15	15307.40
0.07	2769.23
0.23	1422.28
0.15	733.11
0.05	1788.27
0.16	676.69
0.19	2487.60
0.03	349.90
0.23	3558.51
0.11	571.18
0.19	497.17
0.17	1154.52
0.11	846.21
0.18	1109.74
0.19	486.90
0.28	527.24
0.13	2425.97
0.11	2028.30
0.07	1500.91
0.07	1931.71
0.33	925.71
0.14	716.29
0.13	2869.71
0.11	943.70
0.14	855.97
0.17	1754.66
0.16	907.77
0.13	1586.52
0.15	2150.04
0.29	752.56
0.11	1277.28
0.11	7632.42
0.14	546.34
0.22	1519.37
0.08	271.60
0.12	607.38
0.15	3758.26
0.27	754.76
0.04	2220.25
0.15	1607.74
0.11	2491.15
0.12	692.42
0.09	853.94
0.11	618.08
0.18	613.08
0.22	629.20
0.02	641.47
0.09	573.61
0.49	1154.27
0.11	954.80
0.15	1106.09
0.14	525.09
0.10	987.53
0.21	1733.23
0.18	1190.81
0.15	747.53
0.14	1435.83
0.10	1899.95
0.18	2227.45
0.13	2690.51
0.04	573.01
0.17	1862.83
0.29	709.52
0.02	812.60
0.04	1488.65
0.26	470.23
0.21	616.76
0.15	4008.98
0.05	2265.18
0.46	345.41
0.25	537.87
0.22	796.59
0.16	1428.17
0.02	1263.62
0.18	1310.70
0.26	737.73
0.11	1322.92
0.05	1632.73
0.12	2394.04
0.04	6739.25
0.18	547.85
0.07	13177.92
0.14	715.87
0.22	600.42
0.06	2749.06
0.25	2014.22
0.11	3235.00
0.09	2307.05
0.09	1151.49
0.02	1088.77
0.15	2307.12
0.14	757.58
0.17	478.05
0.06	2355.90
0.12	965.19
0.11	1446.30
0.08	605.69
0.08	4671.66
0.04	643.11
0.06	1096.66
0.10	2243.42
0.10	458.43
0.04	1453.47
0.16	957.05
0.09	3536.66
0.10	546.44
0.21	1037.36
0.09	1475.49
0.03	614.10
0.02	1847.65
0.10	892.95
0.13	4347.81
0.08	1123.06
0.02	1039.91
0.05	889.06
0.17	1252.38
0.11	3567.65
0.13	1329.23
0.16	1586.09
0.16	5600.39
0.12	1984.15
0.06	3197.74
0.06	1149.44
0.14	1037.66
0.09	1408.25
0.07	544.68
0.18	480.03
0.01	652.63
0.04	991.44
0.03	1236.75
0.14	1514.84
0.16	1634.66
0.06	910.62
0.24	1564.38
0.09	721.94
0.17	1174.19
0.14	5512.90
0.16	510.45
0.14	4074.18
0.04	1306.54
0.14	1154.20
0.01	1162.36
0.05	1628.33
0.12	798.54
0.14	1180.00
0.10	975.61
0.16	1261.04
0.15	410.79
0.11	1770.37
0.09	2526.29
0.12	4446.82
0.11	1877.53
0.11	2436.32
0.03	2311.74
0.09	630.01
0.06	2983.99
0.09	7491.20
0.04	2674.52
0.20	762.52
0.11	3563.66
0.06	2162.47
0.17	473.92
0.06	946.99
0.15	895.60
0.06	734.48
0.09	1764.53
0.05	3795.94
0.05	690.67
0.20	2128.66
0.13	713.49
0.08	1320.57
0.05	698.22
0.15	2298.11
0.12	3641.58
0.13	2327.47
0.09	4810.83
0.06	541.19
0.11	1234.16
0.14	471.26
0.15	987.51
0.08	357.88
0.11	1729.05
0.09	984.17
0.16	1201.49
0.18	682.62
0.05	635.87
0.08	3562.78
0.05	2818.27
0.11	8357.71
0.18	1836.68
0.08	7597.80
0.11	2702.62
0.10	1626.64
0.09	1521.52
0.11	1479.40
0.09	754.16
0.07	608.71
0.09	827.03
0.09	950.20
0.04	2318.40
0.05	3445.96
0.08	5052.43
0.10	1409.03
0.12	528.08
0.07	3076.84
0.08	1475.74
0.17	440.84
0.26	850.66
0.16	1408.79
0.10	1135.91
0.07	1140.49
0.03	545.63
0.14	1205.82
0.09	2035.24
0.08	1566.97
0.13	1587.48
0.13	1632.91
0.22	468.50
0.15	1223.79
0.06	2085.19
0.42	507.84
0.06	480.27
0.09	4818.04
0.21	831.12
0.13	1135.97
0.08	1712.14
0.16	1015.38
0.25	523.52
0.11	1432.48
0.09	2240.83
0.03	1220.21
0.09	1261.88
0.15	969.50
0.18	1026.21
0.18	717.76
0.13	2687.94
0.04	3716.93
0.03	1106.20
0.14	814.80
0.09	410.26
0.10	13399.19
0.08	877.48
0.07	2369.90
0.01	317.12
0.20	595.10
0.07	1743.76
0.07	2440.29
0.26	1184.60
0.06	549.30
0.09	1118.86
0.18	516.47
0.02	231.15
0.13	1028.11
0.14	1493.86
0.07	1025.30
0.12	931.72
0.02	864.08
0.16	529.22
0.13	1635.47
0.04	1652.18
0.11	1144.45
0.10	1425.16
0.15	995.61
0.14	1121.11
0.04	614.80
0.12	2546.30
0.08	4304.38
0.16	2413.61
0.05	2886.26
0.10	1398.75
0.09	1669.29
0.03	389.10
0.03	1329.24
0.19	688.09
0.09	2727.07
0.10	4411.06
0.16	2793.13
0.04	1130.10
0.10	2133.27
0.15	1305.11
0.08	1925.12
0.36	657.05
0.02	294.81
0.08	1838.38
0.11	1541.01
0.20	679.26
0.10	543.92
0.08	872.79
0.13	3061.10
0.10	1395.72
0.15	1503.93
0.09	824.15
0.05	673.00
0.19	1166.09
0.10	2983.31
0.17	449.23
0.10	3019.69
0.04	1864.71
0.20	1210.15
0.10	1574.59
0.17	1131.04
0.18	1840.11
0.06	1443.48
0.17	837.48
0.05	3250.84
0.10	711.61
0.10	839.22
0.15	2528.09
0.04	1945.81
0.19	1578.42
0.04	478.50
0.11	10423.79
0.03	706.33
0.70	630.40
0.06	1455.40
0.06	1244.96
0.02	466.48
0.17	3043.21
0.24	916.75
0.16	714.73
0.08	1279.97
0.11	2580.70
0.07	905.70
0.13	1064.10
0.17	915.32
0.15	1156.76
0.12	664.45
0.11	981.57
0.13	616.10
0.17	557.33
0.06	1218.56
0.      436.21
0.19	1153.52
0.06	402.45
0.10	1111.54
0.06	997.44
0.08	578.76
0.05	9540.55
0.08	989.60
0.19	1312.50
0.17	868.72
0.09	1329.86
0.04	506.65
0.09	3285.32
0.04	587.61
0.06	708.07
0.16	996.24
0.23	619.90
0.09	567.47
0.14	1831.98
0.14	1136.31
0.06	724.55
0.07	2183.22
0.16	1137.86
0.13	4158.81
0.14	2686.12
0.20	474.47
0.04	641.32
0.06	476.59
0.18	990.54
0.10	1352.66
0.18	1137.32
0.12	1417.78
0.11	11384.37
0.09	927.49
0.07	1169.44
0.14	602.67
0.16	901.58
0.18	904.57
0.12	1028.33
0.07	7462.56
0.12	1750.65
0.11	1222.66
0.07	5275.25
0.18	1232.39
0.14	472.45
0.12	949.58
0.26	997.61
0.10	913.82
0.11	1733.73
0.15	442.53
0.09	5925.51
0.16	1822.73
0.12	955.82
0.15	877.10
0.17	1148.71
0.20	2497.61
0.06	1500.39
0.07	5343.68
0.35	555.95
0.09	2772.13
0.19	1727.30
0.08	576.40
0.10	6600.54
0.15	6668.06
0.08	2319.37
0.12	1359.14
0.02	1428.58
0.20	604.88
0.13	1714.60
0.18	553.92
0.13	10712.08
0.14	819.94
0.20	1261.80
0.20	2180.03
0.05	2834.22
0.02	2978.31
0.19	494.81
0.11	4509.50
0.13	1253.76
0.04	2748.70
0.11	816.64
0.21	1435.04
0.13	578.86
0.04	3625.42
0.16	1961.04
0.09	2549.93
0.09	1264.93
0.11	2752.28
0.02	1536.13
0.16	584.42
0.10	797.74
0.02	476.31
0.05	8157.62
0.04	758.40
0.12	1011.28
0.17	920.01
0.14	952.58
0.06	5735.99
0.20	758.38
0.07	712.97
0.15	3883.97
0.27	819.27
0.18	811.20
0.07	1289.24
0.25	419.68
0.17	1629.72
0.11	4107.20
0.09	6466.78
0.04	2548.08
0.11	1838.59
0.17	543.22
0.12	1398.56
0.07	2012.56
0.09	1671.25
0.05	1549.53
0.20	1482.75
0.03	410.63
0.15	1083.11
0.03	557.36
0.05	2516.03
0.16	488.01
0.17	452.38
0.10	3713.08
0.10	1641.62
0.01	658.29
0.14	1418.54
0.10	547.90
0.13	503.72
0.16	2479.71
0.10	646.52
0.14	5432.03
0.13	3224.52
0.11	569.01
0.25	490.42
0.04	1456.85
0.08	4428.05
0.08	859.52
0.11	1788.47
0.08	2094.14
0.07	1076.11
0.18	397.42
0.01	259.64
0.16	1460.62
0.12	631.65
0.13	2819.32
0.      0.   
0.04	1445.58
0.12	986.72
0.07	1093.47
0.16	757.10
0.16	1468.63
0.04	1198.28
0.08	4199.04
0.10	2459.41
0.11	2472.45
0.09	2965.78
0.29	603.60
0.06	1092.51
0.25	324.59
0.02	281.37
0.05	971.54
0.10	928.80
0.15	1820.84
0.16	1278.86
0.03	865.91
0.12	1489.41
0.07	6677.01
0.07	2282.96
0.44	546.30
0.11	1811.46
0.23	1167.40
0.03	1026.96
0.24	618.56
0.18	625.79
0.14	784.36
0.10	5953.98
0.08	1195.26
0.08	3098.68
0.07	572.20
0.11	1653.33
0.12	801.99
0.16	437.91
0.12	2277.80
0.12	2173.93
0.24	427.60
0.05	2892.69
0.17	827.33
0.04	588.36
0.17	1050.62
0.06	5259.81
0.09	1964.29
0.02	2238.83
0.10	609.88
0.15	1992.33
0.09	2011.50
0.08	1552.79
0.08	3805.30
0.19	664.21
0.16	1482.32
0.02	2042.93
0.06	706.39
0.09	590.43
0.05	876.53
0.09	321.90
0.19	563.49
0.31	473.05
0.04	3391.72
0.21	1010.72
0.17	1030.88
0.05	1371.58
0.23	808.63
0.12	5894.57
0.09	1082.52
0.06	2878.41
0.13	4095.51
0.16	657.91
0.15	1128.86
0.18	692.58
0.29	396.20
0.12	606.60
0.08	503.72
0.43	472.61
0.16	2006.12
0.08	2377.91
0.17	1380.34
0.13	1027.38
0.03	1579.84
0.14	1221.74
0.06	2355.13
0.16	694.38
0.11	2086.23
0.06	701.91
0.45	390.94
0.37	555.86
0.06	1741.40
0.05	834.67
0.09	5198.99
0.09	836.90
0.13	629.13
0.12	1322.04
0.13	1497.11
0.19	733.46
0.13	1249.37
0.13	911.09
0.16	491.67
0.14	721.37
0.07	8483.00
0.08	2419.02
0.09	1573.37
0.22	772.05
0.27	442.67
0.10	2331.36
0.06	4758.28
0.10	3479.51
0.14	800.46
0.06	5222.36
0.03	338.53
0.11	4884.10
0.07	1661.75
0.20	814.32
0.08	569.77
0.09	7253.70
0.06	1561.08
0.10	404.18
0.18	2219.75
0.08	819.57
0.07	2138.07
0.05	1379.36
0.14	2631.17
0.10	1388.18
0.15	908.62
0.05	972.73
0.20	1771.46
0.11	2447.93
0.22	889.54
0.12	6519.57
0.18	791.58
0.08	554.61
0.16	4210.66
0.07	4302.43
0.19	2471.72
0.11	1048.99
0.04	1184.85
0.06	2261.82
0.18	500.67
0.24	630.95
0.09	1773.89
0.06	727.35
0.02	1844.28
0.11	3734.07
0.19	316.08
0.13	608.82
0.14	1095.54
0.10	3875.37
0.24	799.45
0.10	2418.33
0.10	554.80
0.11	1403.70
0.09	544.30
0.13	2247.97
0.04	531.26
0.18	1233.20
0.06	1043.75
0.07	537.71
0.07	532.22
0.11	1564.49
0.11	908.10
0.26	508.26
0.14	541.36
0.23	634.18
0.05	655.87
0.01	607.61
0.26	522.71
0.16	464.64
0.12	8434.00
0.12	1127.52
0.05	2104.78
0.12	856.68
0.09	2416.07
0.19	444.23
0.19	730.92
0.15	659.92
0.05	996.56
0.07	4702.74
0.06	1508.80
0.11	1894.39
0.05	2048.13
0.14	932.50
0.14	814.20
0.14	1038.36
0.06	1016.05
0.07	666.64
0.11	3525.04
0.04	2377.32
0.17	565.99
0.13	1297.80
0.16	756.30
0.08	426.55
0.19	1275.71
0.22	839.65
0.18	718.25
0.08	1353.78
0.14	2652.13
0.15	907.93
0.13	535.74
0.07	2935.30
0.20	522.79
0.      586.43
0.12	1500.56
0.16	1292.51
0.06	823.37
0.24	528.17
0.24	1510.63
0.09	1820.62
0.06	1913.31
0.14	1633.58
0.02	1302.56
0.08	381.03
0.18	2159.10
0.15	1545.37
0.04	740.98
0.15	532.69
0.07	5426.67
0.07	1121.67
0.20	452.48
0.11	1168.99
0.07	1456.65
0.24	813.42
0.08	1085.21
0.20	925.65
0.06	481.28
0.13	1669.69
0.16	1446.82
0.15	2991.13
0.17	705.23
0.03	659.62
0.12	1832.24
0.09	1436.47
0.14	1045.20
0.19	878.41
0.09	4202.77
0.09	4553.09
0.06	1094.82
0.07	1052.33
0.12	2154.19
0.08	4985.19
0.11	4016.35
0.20	1087.23
0.12	973.72
0.02	1618.90
0.41	301.41
0.06	1043.85
0.08	8155.26
0.03	1731.56
0.18	574.38
0.06	1708.23
0.10	1378.90
0.15	1447.79
0.04	1643.86
0.07	1398.14
0.10	676.85
0.17	719.29
0.05	1436.68
0.13	1985.07
0.16	759.07
0.07	988.13
0.13	1146.91
0.05	644.91
0.11	1218.47
0.11	510.57
0.17	1024.64
0.05	1384.36
0.11	2062.18
0.21	796.78
0.08	3656.65
0.09	1924.35
0.12	1902.90
0.14	1923.74
0.10	1339.19
0.19	1123.02
0.13	640.83
0.03	665.47
0.07	5961.58
0.      1411.55
0.19	484.59
0.13	858.73
0.02	516.52
0.17	1325.86
0.04	1937.40
0.33	332.38
0.11	1281.44
0.      2137.43
0.11	1485.69
0.04	893.20
0.13	388.24
0.13	955.99
0.12	506.98
0.08	1961.80
0.13	2294.37
0.07	1896.87
0.01	876.60
0.08	529.05
0.10	1645.71
0.13	2533.92
0.08	472.66
0.08	4755.10
0.19	606.93
0.02	582.69
0.07	1206.51
0.13	965.08
0.16	2613.78
0.15	564.37
0.08	912.58
0.17	778.20
0.08	1146.10
0.10	949.73
0.20	510.37
0.10	1112.32
0.16	1466.88
0.12	797.73
0.11	4677.49
0.23	1423.71
0.15	1059.74
0.07	1800.24
0.13	1505.47
0.05	4613.82
0.11	969.33
0.15	1032.34
0.05	552.22
0.10	2260.46
0.      13394.96
0.10	976.94
0.07	790.81
0.02	1008.51
0.03	913.35
0.07	3282.18
0.09	6298.50
0.15	886.91
0.14	732.32
0.16	1148.74
0.17	568.77
0.16	1350.27
0.07	2638.25
0.11	2259.09
0.07	684.31
0.13	2129.15
0.13	2855.63
0.07	1115.04
0.09	574.87
0.10	653.91
0.11	2439.65
0.21	573.28
0.10	584.30
0.14	2112.71
0.11	1028.23
0.18	401.17
0.08	1531.97
0.03	260.85
0.07	2040.83
0.07	3188.67
0.16	838.81
0.15	843.62
0.08	6615.77
0.11	1555.26
0.13	1182.10
0.01	550.47
0.08	1820.15
0.09	1258.65
0.26	463.65
0.07	3439.52
0.12	478.34
0.03	2220.91
0.07	2200.42
0.17	608.50
0.15	1957.37
0.13	1940.48
0.08	2195.39
0.15	1342.44
0.09	4160.08
0.08	2686.18
0.13	1081.92
0.07	724.34
0.08	2220.06
0.27	753.09
0.19	456.64
0.04	1316.34
0.23	636.80
0.11	916.99
0.10	1383.84
0.10	1231.34
0.12	1186.58
0.07	2429.90
0.03	430.11
0.12	1462.71
0.08	1505.41
0.09	1767.73
0.19	684.71
0.05	662.30
0.19	492.39
0.10	1367.12
0.      1497.92
0.13	697.28
0.06	3346.73
0.07	1475.28
0.16	1269.62
0.15	701.11
0.11	1431.26
0.19	2147.20
0.11	960.89
0.12	913.07
0.07	697.02
0.18	578.70
0.13	602.27
0.11	1090.30
0.04	1436.36
0.13	640.41
0.16	775.62
0.06	1045.87
0.02	770.10
0.12	599.99
0.03	1864.76
0.04	437.28
0.16	3945.74
0.10	668.26
0.11	4324.07
0.28	689.92
0.16	453.47
0.13	910.90
0.16	423.69
0.10	2131.87
0.05	2263.19
0.06	2124.26
0.22	481.13
0.11	827.52
0.13	752.26
0.10	1837.36
0.05	3911.80
0.08	2640.36
0.      1700.42
0.41	442.58
0.03	493.13
0.14	1133.76
0.07	526.01
0.12	987.72
0.14	852.55
0.04	2762.57
0.08	2095.50
0.12	517.12
0.05	1082.52
0.31	378.51
0.07	961.13
0.07	958.37
0.23	828.91
0.07	5314.91
0.16	1896.67
0.10	585.17
0.17	593.98
0.19	830.81
0.19	756.17
0.21	671.55
0.04	3218.47
0.18	1237.16
0.16	913.82
0.15	1062.04
0.11	1015.22
0.19	1191.93
0.21	613.55
0.15	983.99
0.18	686.44
0.18	865.24
0.18	507.37
0.73	727.39
0.02	724.35
0.03	1034.52
0.23	1695.98
0.07	805.28
0.08	2846.10
0.08	799.91
0.19	449.11
0.07	581.17
0.06	576.22
0.09	4835.63
0.03	2198.44
0.17	1430.73
0.22	729.51
0.07	557.23
0.07	1150.30
0.19	536.34
0.14	629.98
0.14	2449.28
0.06	3000.04
0.03	1402.26
0.08	728.82
0.02	1721.29
0.09	1843.33
0.15	2390.85
0.07	2659.03
0.14	1095.89
0.06	2908.37
0.42	704.62
0.17	638.85
0.17	644.28
0.11	675.68
0.19	835.83
0.16	372.39
0.03	2042.57
0.09	954.12
0.38	562.96
0.04	2500.01
0.11	752.53
0.12	1040.25
0.12	3176.37
0.12	5965.52
0.09	1288.74
0.04	1314.68
0.05	1546.99
0.03	1608.34
0.17	442.71
0.11	1242.08
0.06	1443.70
0.08	2709.01
0.10	7065.27
0.13	757.02
0.01	857.69
0.14	1646.53
0.01	638.69
0.25	841.29
0.10	810.61
0.13	568.68
0.08	1494.19
0.06	1191.57
0.03	418.02
0.04	1245.67
0.07	869.33
0.04	1841.62
0.08	440.72
0.07	905.82
0.12	2859.46
0.29	412.53
0.16	780.89
0.11	581.00
0.02	1811.54
0.12	289.79
0.09	2402.02
0.08	2734.54
0.10	527.30
0.17	342.01
0.11	2641.65
0.22	432.09
0.05	1435.43
0.08	11181.70
0.07	834.84
0.16	886.73
0.13	2248.69
0.09	1138.98
0.15	1472.01
0.22	367.79
0.10	4374.87
0.14	1397.31
0.05	958.34
0.16	638.99
0.12	669.20
0.15	1114.55
0.11	893.32
0.14	1938.61
0.15	1211.93
0.22	409.59
0.15	850.16
0.11	1844.86
0.      602.78
0.09	1645.88
0.12	1073.79
0.10	10244.93
0.04	684.04
0.22	2909.32
0.03	336.53
0.07	5829.35
0.10	819.50
0.15	533.46
0.23	2579.78
0.19	1347.18
0.08	1844.03
0.11	1058.47
0.20	813.59
0.10	4360.41
0.12	804.48
0.25	613.25
0.11	4271.02
0.10	2879.06
0.12	1058.86
0.13	2655.92
0.04	1356.31
0.17	479.24
0.12	3229.11
0.05	1152.89
0.23	1394.07
0.10	797.39
0.14	986.55
0.04	2419.55
0.10	1208.17
0.18	680.95
0.05	889.07
0.26	496.53
0.04	1082.54
0.17	670.54
0.08	3987.82
0.20	477.96
0.14	1350.53
0.22	382.39
0.09	1829.29
0.14	1388.49
0.12	1066.97
0.12	772.16
0.13	3221.55
0.11	3408.64
0.11	1912.37
0.19	465.50
0.13	8182.97
0.03	805.10
0.07	738.60
0.10	821.73
0.12	2909.27
0.05	386.02
0.06	737.07
0.33	524.71
0.05	4225.69
0.05	455.41
0.05	440.31
0.37	425.08
0.13	1343.58
0.15	2258.02
0.19	874.91
0.18	270.79
0.11	1818.90
0.17	483.26
0.08	489.98
0.11	1088.78
0.01	1227.55
0.21	1549.62
0.13	559.74
0.30	1099.98
0.07	434.69
0.02	388.49
0.03	459.71
0.13	1075.20
0.24	630.67
0.15	1306.81
0.10	655.55
0.12	1230.72
0.08	2028.65
0.13	958.58
0.16	657.50
0.12	1399.13
0.04	914.92
0.06	1642.68
0.08	1112.97
0.16	1848.20
0.18	1159.08
0.16	481.65
0.09	1698.77
0.23	1009.24
0.08	5057.72
0.08	520.93
0.19	1550.51
0.11	1851.50
0.02	534.67
0.05	269.11
0.15	721.47
0.06	342.56
0.11	1049.00
0.19	544.47
0.21	974.60
0.04	460.79
0.05	673.40
0.13	1124.80
0.11	1727.09
0.04	739.91
0.15	3392.47
0.04	924.77
0.09	708.84
0.04	2281.36
0.07	801.77
0.11	851.03
0.14	4482.50
0.11	1294.68
0.10	4867.10
0.13	2871.20
0.05	3169.51
0.13	3145.31
0.11	1110.29
0.05	918.54
0.17	2428.60
0.19	693.91
0.11	1621.77
0.01	297.60
0.17	1993.05
0.11	1621.33
0.12	1650.19
0.10	995.29
0.14	1140.33
0.14	2758.68
0.06	409.82
0.17	3613.80
0.12	1140.20
0.21	910.18
0.08	2349.22
0.03	1156.86
0.09	6119.13
0.12	1127.14
0.16	4144.06
0.08	1861.56
0.04	421.49
0.07	3677.73
0.16	1169.64
0.11	1411.80
0.14	6993.47
0.19	1438.42
0.20	900.87
0.10	818.52
0.08	6183.67
0.12	4027.24
0.03	2640.33
0.07	567.33
0.05	2085.84
0.10	1885.40
0.07	3468.39
0.04	1501.31
0.06	634.53
0.14	1741.21
0.07	1584.73
0.08	397.86
0.08	622.48
0.06	3507.65
0.04	400.40
0.28	843.23
0.38	539.34
0.12	2021.35
0.07	525.42
0.17	1191.03
0.14	1351.87
0.12	930.04
0.14	807.52
0.07	2543.43
0.09	928.66
0.08	551.50
0.09	5944.07
0.04	973.94
0.04	2019.53
0.15	1068.04
0.13	9492.28
0.05	973.43
0.04	3638.15
0.10	2776.35
0.07	918.06
0.08	1628.63
0.13	2509.49
0.10	2376.59
0.11	1707.92
0.11	1944.76
0.20	1334.09
0.19	489.18
0.19	5034.08
0.36	449.04
0.15	2293.01
0.34	857.56
0.13	2813.36
0.19	803.68
0.11	1794.54
