0.280 0.073 0.058
0.147 0.120 0.114
0.610 0.047 0.044
0.089 0.113 0.098
0.966 0.089 0.074
0.635 0.091 0.079
2.099 0.166 0.127
0.265 0.053 0.048
0.603 0.097 0.083
0.272 0.092 0.070
1.020 0.146 0.123
0.859 0.146 0.123
0.733 0.099 0.084
0.080 0.074 0.068
0.691 0.076 0.072
0.195 0.113 0.096
0.955 0.106 0.087
0.318 0.085 0.079
0.999 0.083 0.077
0.459 0.094 0.079
0.085 0.194 0.155
1.721 0.083 0.079
0.944 0.076 0.064
0.232 0.152 0.128
0.940 0.058 0.050
0.264 0.122 0.096
1.100 0.068 0.067
1.419 0.084 0.078
0.260 0.031 0.030
0.863 0.090 0.075
0.443 0.083 0.077
0.019 0.089 0.083
0.190 0.085 0.066
0.018 0.028 0.026
0.392 0.118 0.110
0.291 0.114 0.099
0.147 0.106 0.092
1.357 0.079 0.071
0.251 0.090 0.086
0.916 0.076 0.067
1.111 0.024 0.023
0.844 0.185 0.139
0.205 0.025 0.024
1.003 0.072 0.058
0.416 0.026 0.024
0.249 0.102 0.094
1.300 0.112 0.084
0.108 0.026 0.025
0.055 0.189 0.150
0.892 0.021 0.021
0.069 0.087 0.078
2.409 0.090 0.082
0.098 0.104 0.099
0.414 0.079 0.067
0.055 0.115 0.076
0.179 0.062 0.056
0.928 0.105 0.094
1.253 0.106 0.086
0.125 0.053 0.047
0.502 0.102 0.093
0.779 0.051 0.046
1.038 0.077 0.060
0.112 0.110 0.085
1.591 0.043 0.041
0.424 0.053 0.048
0.723 0.140 0.100
0.315 0.144 0.132
0.730 0.086 0.078
0.266 0.138 0.093
0.121 0.055 0.048
1.837 0.039 0.038
0.137 0.055 0.043
1.148 0.096 0.087
0.506 0.144 0.125
0.910 0.047 0.042
0.174 0.079 0.075
0.059 0.107 0.096
0.198 0.128 0.094
0.566 0.121 0.100
0.306 0.076 0.069
0.223 0.100 0.085
0.198 0.103 0.077
2.189 0.110 0.091
0.557 0.119 0.103
0.899 0.031 0.028
0.367 0.115 0.100
0.143 0.235 0.199
0.212 0.029 0.027
1.714 0.063 0.058  
0.433 0.071 0.067
1.401 0.101 0.083
0.559 0.135 0.110
0.140 0.072 0.062
0.888 0.058 0.050
0.143 0.038 0.036
0.225 0.174 0.119
0.186 0.119 0.105
0.031 0.011 0.011
0.138 0.057 0.046
0.284 0.168 0.118
1.048 0.120 0.093
0.360 0.178 0.134
0.678 0.092 0.072
0.134 0.070 0.060
0.046 0.046 0.042
0.156 0.133 0.109
1.088 0.093 0.088
0.200 0.232 0.183
0.254 0.081 0.073
0.725 0.068 0.058
0.065 0.172 0.129
0.184 0.156 0.129
0.130 0.042 0.039
0.184 0.036 0.034
0.103 0.054 0.050
0.218 0.091 0.075
0.434 0.029 0.028
1.722 0.089 0.086
0.135 0.148 0.129
0.004 0.082 0.080
0.236 0.055 0.047
1.761 0.096 0.091
1.065 0.052 0.048
0.633 0.103 0.086
0.847 0.041 0.038
0.536 0.047 0.042
0.058 0.095 0.080
0.993 0.088 0.081
0.127 0.094 0.088
0.691 0.059 0.052
0.997 0.073 0.067
1.491 0.168 0.120
0.501 0.057 0.047
0.108 0.098 0.089
1.210 0.158 0.130
0.002 0.208 0.174
2.150 0.137 0.126
2.506 0.077 0.070
0.334 0.073 0.066
0.237 0.233 0.184
1.522 0.055 0.052
0.129 0.048 0.042
0.349 0.087 0.084
0.163 0.110 0.094
0.065 0.039 0.036
1.424 0.093 0.086
0.235 0.081 0.057
1.839 0.041 0.037
0.219 0.124 0.111
0.360 0.042 0.040
0.048 0.060 0.054
0.702 0.070 0.064
1.484 0.044 0.040
0.192 0.090 0.074
0.080 0.092 0.076
0.786 0.102 0.091
1.813 0.082 0.070
1.660 0.142 0.100
0.034 0.021 0.020
1.027 0.073 0.068
0.137 0.068 0.057
0.732 0.086 0.072
0.055 0.075 0.072
1.335 0.238 0.114
1.545 0.169 0.116
1.379 0.110 0.085
0.083 0.133 0.103
0.770 0.060 0.048
0.322 0.112 0.088
0.680 0.061 0.047
1.319 0.054 0.050
0.051 0.062 0.057
0.117 0.101 0.092
2.507 0.067 0.057
0.798 0.147 0.110
0.657 0.065 0.059
1.250 0.092 0.078
0.137 0.059 0.058
0.265 0.065 0.062
0.119 0.093 0.082
0.047 0.036 0.031
0.652 0.102 0.083
0.071 0.035 0.035
0.859 0.116 0.078
0.367 0.075 0.065
1.388 0.112 0.099
0.162 0.112 0.099
0.104 0.165 0.126
1.489 0.080 0.066
1.514 0.104 0.090
0.350 0.049 0.043
2.180 0.087 0.080
0.449 0.074 0.068
1.138 0.082 0.073
0.229 0.095 0.084
0.116 0.015 0.015
0.069 0.042 0.038
1.076 0.069 0.059
0.795 0.089 0.082
0.194 0.158 0.104
0.119 0.049 0.047
0.525 0.109 0.083
0.859 0.029 0.028
0.503 0.239 0.168
1.817 0.198 0.140
0.163 0.070 0.062
0.098 0.064 0.056
0.059 0.052 0.044
0.174 0.091 0.079
0.221 0.089 0.079
0.264 0.063 0.055
0.518 0.072 0.066
0.274 0.048 0.046
0.621 0.050 0.047
0.044 0.038 0.034
0.165 0.133 0.109
