GRB080818945      0.4700       0. 56.4285 75.0427             1.8900             1700.00     13.376
GRB080825593      0.6500       0. 60.2230 26.2922             4.0600              680.00     20.992
GRB080916009      0.0700 4.35000 49.0003 83.8106             6.5800            27000.00     62.977
GRB081006604      0.3800       0. 10.7724 40.2945             4.1100              800.00      6.400
GRB081009140      0.2800       0. 69.6361 55.3543             7.3300             1600.00     41.345
GRB081024891      0.3100       0. 19.1504 30.6101             3.1600             1700.00      0.640
GRB081102365      0.5800       0. 48.1563 47.6361             2.1500              550.00      1.728
GRB081122520      0.2700       0. 21.5135 25.8591             3.0300             2500.00     23.296
GRB081203581      0.3900 2.10000 78.0198106.1336             2.2500             1000.00    214.000
GRB081224887      0.3300       0. 15.3899 49.2295             2.6900             1800.00     16.448
GRB090102122      0.6500 1.54700 85.4724 78.6658             2.7000              580.00     26.624
GRB090217206      0.4600       0. 33.6888 46.2258             3.8100              820.00     33.280
GRB090227310      0.3400       0. 21.6036 45.3589             3.1300             2300.00     16.189
GRB090227772      1.8000       0. 72.6520 86.5546            -1.0000             -670.00      0.304
GRB090228204      0.2100       0. 23.8033 56.6437             4.3800              700.00      0.448
GRB090323002      0.0900 3.57000 56.4980 66.1598             3.9000             7400.00    133.890
GRB090328401      0.1200 0.73600 65.7025 72.4123             3.4300             5500.00     61.697
GRB090427977      0.1100       0.133.9938135.3593             7.2500            14000.00     15.000
GRB090510016      0.0500 0.90300 13.4907 52.2710             1.1900            30000.00      0.960
GRB090531775      0.0000       0. 21.9282 49.1757            -1.0000              630.00      0.768
GRB090626189      0.2900       0. 22.5990 10.4193             2.6400             2100.00     48.897
GRB090720710      0.9900       0. 56.3287 94.2056             1.0000              430.00     10.752
GRB090902462      0.0400 1.82200 50.2749 37.5941             4.2900            40000.00     19.328
GRB090926181      0.0600 2.10600 48.0314 80.4453             6.6300            19000.00     13.760
GRB091003191      0.1000 0.89700 12.1659 62.1292             2.6700             5900.00     20.224
GRB091031500      0.2300       0. 24.5735 39.4233             1.8100             1400.00     33.921
GRB091120191      0.1800       0. 48.0699 25.7285             3.9200             7000.00     50.177
GRB091127976      0.3100 0.49000 25.8136 54.5483             2.4700             2200.00      8.701
GRB100116897      0.0600       0. 25.8527 36.3263             3.5600            33000.00    102.530
GRB100213531      0.0600       0.146.4429147.2134             5.0800            34000.00     60.000
GRB100225115      0.3400       0. 56.9620 83.6871             2.8300             3000.00     12.992
GRB100325275      0.8700       0.  7.8462 52.8511             2.3600              820.00      7.104
GRB100414097      0.0900 1.36800 69.5812 29.0499             2.2900            30000.00     26.496
GRB100423244      0.1900       0. 47.8749 32.8447             2.6000             3900.00     16.512
GRB100511035      0.0700       0. 47.9719 26.2316             0.1600            46000.00     42.433
GRB100620119      1.2400       0. 25.2451 73.3437             3.2200              250.00     51.841
GRB100724029      0.1000       0. 49.9812 96.2402             0.6200              160.00    114.690
GRB100728095      0.1800 1.56700 60.5408 36.9292             3.0900             3100.00    165.378
GRB100826957      1.1300       0. 72.9508 85.0793             1.0100             1700.00     84.993
GRB101014175      0.0900       0. 55.0297102.5554             3.1400            14000.00    449.415
GRB101107011      0.2000       0. 36.6095 28.3643             0.7700             4800.00    375.814
GRB101123952      1.0000       0. 77.4140 97.7702            -1.0000              260.00    103.938
GRB101227406      0.3200       0. 13.6638 37.2624             7.3300             1500.00    153.347
GRB110120666      0.2000       0. 14.6458 31.4977             1.1600             2000.00     26.173
GRB110123804      0.2200       0. 55.3666 91.9483             5.0700             2100.00     17.856
GRB110213220      0.2200 1.46000 98.5894 53.1952             2.0300             3000.00     34.305
GRB110328520      0.1600       0. 35.9984 43.2576             2.3400             4000.00     83.970
GRB110428388      0.1800       0. 34.5594 84.3480             1.4800             3000.00      5.632
GRB110518860      0.1900       0.165.9076124.1270             3.1600             2900.00     35.000
GRB110529034      1.5000       0. 29.9601 79.9138            -1.0000             -670.00      0.512
GRB110625881      0.1300       0. 87.9482 51.4461             0.7100             1700.00     26.880
GRB110721200      0.1200       0. 40.2270 82.8881             3.8600             6700.00     21.822
GRB110728056      0.6200       0. 41.6803 16.8110             3.6900             1400.00      0.704
GRB110731465      0.2400 2.83000  2.8752 50.7296             4.2900             3500.00      7.485
GRB110903111      0.0700       0. 44.2750 93.8597             2.7500            16000.00    341.254
GRB110921912      0.3900       0. 33.9401 21.1935             0.8100             2000.00     17.664
GRB111210359      0.8200       0. 28.3055 24.0700             1.5300              560.00     60.000
GRB120107384      0.3400       0. 46.7623 96.6798             1.7800             1900.00     23.040
GRB120226871      0.6800       0. 37.1119 42.1756             2.4700              380.00     52.993
GRB120316008      0.3100       0.  9.8853 48.7332             3.3400             2100.00     26.624
GRB120328268      1.0000       0. 68.4589106.5998            -1.0000             -670.00     29.696
GRB120420858      0.2900       0.109.7107 76.7650             2.5800             1900.00    254.913
GRB120526303      0.1100       0.109.6846 62.9318             2.2500            14000.00     43.649
GRB120624933      0.2100 2.20000 68.2416 26.6314             1.9400             1900.00    271.364
GRB120709883      0.4000       0. 27.7871 40.4568             3.3000             2600.00     27.328
GRB120711115      0.1300 1.40500134.5165 84.9684             1.4500             2500.00     44.033
GRB120729456      0.3800 0.80000 82.6419 32.6788             2.0500             2400.00     25.472
GRB120830297      0.6200       0. 38.7316 75.3340             3.2800              780.00      0.896
GRB120911268      0.6000       0. 66.1291 22.2163             1.4200             1400.00     69.000
GRB120915000      1.7600       0. 10.8123 59.2287             0.1800              250.00      0.576
GRB120919052      0.1400       0. 22.9300 65.9063             2.7200            13000.00    118.018
GRB121011469      0.0100       0. 55.8862 84.7977            -1.0000              140.00     65.793
GRB121029350      0.2100       0. 61.1979 42.0463             1.2400             4300.00     15.808
GRB121123442      0.5000       0. 78.8018 76.4233             0.5400             2500.00     42.497
GRB121225417      1.5000       0. 64.2509 90.7313            -1.0000             -670.00     58.497
GRB130305486      0.0600       0. 41.5043 99.6014            -1.0000             -670.00     25.600
GRB130310840      0.4700       0. 75.6174 49.7983             2.3500             1400.00     16.000
GRB130325203      0.1800       0. 47.2896 76.1103             4.6900             5300.00      6.912
GRB130327350      0.2100       0. 46.2562 86.2414             5.3900             9200.00     31.232
GRB130427324      0.0400 0.34000 46.4233 62.8200             2.0900            94000.00    138.242
GRB130502327      0.3200       0. 46.4341 96.4185             2.9600            31000.00     24.320
GRB130504978      0.1200       0. 47.6034 52.3386             3.7600             5700.00     73.217
GRB130518580      0.1900 2.49000 40.3493 82.4282             4.2500             2100.00     48.577
GRB130606497      0.1100       0. 90.5414 10.9012             4.6200             4600.00     52.225
GRB130702004      0.6200 0.14500 76.7118 78.8894             3.6000             1700.00     58.881
GRB130821674      0.1800       0. 34.8511 49.1887             4.4300             6300.00     87.041
GRB130828306      0.2900       0. 39.8927 45.5196             7.8600             1200.00    136.962
GRB130907904      0.2600 1.23800105.4169 57.1597             3.1500             5600.00    210.000
GRB131014215      0.8100       0. 72.5010 76.0067             3.3000             1800.00      3.200
GRB131029973      0.1800       0. 59.8236 94.0796             1.6900             3200.00    104.449
GRB131108862      0.2200 2.40000 20.4097 21.8601             4.5700             1500.00     18.176
GRB131209547      1.1600       0. 19.7944 53.5509             1.4900              290.00     13.568
GRB131216081      2.2400       0. 44.5659 77.2043            -1.0000             -670.00     19.262
GRB131231198      0.0500 0.64200 37.2353 39.9097             2.2300            48000.00     31.232
GRB140102887      0.2400       0. 47.1566 44.6674             2.5100             2300.00      3.648
GRB140104731      0.1800       0. 17.6021 36.4636             3.8700             3100.00    187.137
GRB140110263      0.2500       0. 36.1006 64.6367             3.0500             2000.00      9.472
GRB140124527      0.3300       0. 19.3729 65.6419             3.5900             2300.00    121.538
GRB140206275      0.0800       0. 46.2470 85.9825             5.7300            11000.00    146.690
GRB140219824      0.8500       0. 96.2478113.4333             2.2200             1700.00     77.056
GRB140323433      0.1800       0. 30.3002 68.4066             2.3600             2800.00    111.426
GRB140402007      0.1600       0. 13.6688 45.9661             1.6200             3700.00      0.320
GRB140416060      0.1000       0.138.7697 94.8281             0.9300            10000.00     31.744
GRB140523129      0.3800       0. 55.4294 26.4490             3.9600             7300.00     19.200
GRB140528837      0.3600       0. 46.2232 66.3106             2.7600             4600.00     13.568
GRB140619475      0.2000       0. 38.8513 25.8183             2.0700            23000.00      2.816
GRB140723067      0.5100       0. 54.4040 38.6236             3.6900             1000.00     56.320
GRB140729026      0.2600       0. 26.4644 40.8605             4.7800             1500.00     55.553
GRB140810782      0.0700       0.123.4854 89.2914             2.5700            15000.00     81.665
GRB140825288      0.5700       0.113.3682111.9633             4.3300             1600.00     14.000
GRB140928437      0.1000       0.110.0454111.3008             4.2400            52000.00     17.920
GRB141012773      0.2700       0. 47.2230 94.6922             3.2800             1100.00     37.633
GRB141028455      0.2700 2.33200 36.4301 48.0918             1.4400             3900.00     31.489
GRB141102536      0.6800       0. 52.3349 53.4650             2.5800              640.00      2.624
GRB141113346      0.7100       0. 53.6709 86.4441             3.2700              530.00      0.448
GRB141207800      0.2000       0. 61.1366 36.7668             2.3300             5500.00     20.992
GRB141221897      0.3300       0. 38.7153 84.3344             0.8200             5500.00     32.513
GRB141222298      0.0800       0. 45.8852 93.4996             3.7300             3600.00      2.752
GRB150118409      0.5600       0. 65.2622 91.7388             4.5400             1800.00     40.193
GRB150202999      0.3300       0. 17.2274 66.8987             0.9000             1000.00    167.427
GRB150210935      0.4300       0. 53.7113 10.0348             1.2700             2500.00     31.294
GRB150314205      0.7200 1.75800 45.1127 91.9260             1.2700             1900.00     10.688
GRB150403913      0.2300 2.06000 55.3440105.1180             1.9300             5400.00     22.272
GRB150416773      1.9300       0. 68.6177 90.7186            -1.0000             -670.00     33.280
GRB150510139      0.3300       0. 56.1898 11.4394             2.6300             2000.00     51.904
GRB150513856      0.0400       0. 51.7696 16.5438            -1.0000              550.00    158.978
GRB150514774      0.1500 0.80700 39.2329 59.1018             0.9700             6200.00     10.813
GRB150523396      0.0800       0. 24.7902 54.7430             2.6900             7000.00     82.433
GRB150627183      0.0600       0. 74.7185 97.8610             3.6200             8100.00     64.577
GRB150702998      0.5400       0.117.4940 88.1307             0.7700              800.00     45.825
GRB150820880     15.3000       0. 22.9819 66.5613            -1.0000             -670.00      5.888
GRB150902733      0.1800       0. 37.2673 87.0941             4.3400            11000.00     13.568
GRB151006413      0.0010       0. 30.6458 80.4874            -1.0000              140.00     93.440
GRB160101215      1.3700       0.  8.9980 58.9980            -1.0000             -670.00     22.013
GRB160310016      0.0600       0. 62.7916 29.9381             6.4700             1400.00     25.856
GRB160314929      0.7900       0. 60.7196110.4926             3.9500              880.00     98.562
GRB160325291      0.2400       0.  7.2372 55.5250             3.4000             3000.00     42.945
GRB160422499      0.1000       0. 53.5374102.3662             3.9600            12000.00     12.288
GRB160503567      0.8800       0. 25.1056 33.9034             4.4000              520.00     28.672
GRB160509374      0.3000 1.17000 33.1083 67.7610             1.1600            52000.00    369.670
GRB160521385      0.1300       0. 46.9584 94.5121             1.8800            13000.00      2.816
GRB160623209      0.0900 0.36700 83.9297112.1723             3.5600            18000.00    107.776
GRB160625945      0.0700 1.40600 41.2290 40.0952             4.0500            15000.00    453.385
GRB160702516      0.2100       0. 71.9760 59.1714             4.4700             4800.00      0.200
GRB160709826      0.2700       0. 47.5949 82.2450             3.4000              990.00      5.440
GRB160816730      0.2300       0. 33.4331 18.3457             0.9500             9200.00     11.072
GRB160821857      0.1200       0. 18.9958 66.8925             0.7700             4700.00     43.009
GRB160829334      0.1000       0. 14.5331 56.8636             0.7200             9400.00      0.512
GRB160905471      0.1000       0. 17.0507 57.5271             2.2000             7900.00     33.537
GRB160910722      0.5900       0. 71.3642 79.0465             1.3800              490.00     24.320
GRB160917456      3.7300       0. 52.3193 29.9252            -1.0000             -670.00     14.592
GRB160917479      0.0100       0. 46.1434 89.6863            -1.0000             -670.00     19.456
GRB161015710      0.4200       0. 46.0694 32.9211             2.0900             1000.00     15.104
GRB161109263      0.3900       0. 77.8826112.4844             1.0400             3400.00     23.552
GRB170115743      0.7400       0. 36.0103 42.4867             3.6100             2300.00     44.288
GRB170127067      0.5200       0.142.2202 92.2346             6.6800              510.00      0.128
GRB170214649      0.0800 2.53000 33.1849 21.9115             6.7600             7800.00    122.882
GRB170228794      2.0200       0. 65.1176 31.9533             2.2700              340.00     60.673
GRB170306588      0.7100       0. 54.4082 64.8871             2.1200              500.00     18.944
GRB170329387      0.6000       0. 46.2101 11.9686             3.7600              780.00     33.536
GRB170405777      0.5500 3.51000 52.0270 60.5366             5.0900              890.00     78.593
GRB170409112      0.1000       0. 85.8729 66.6108             4.5700             9900.00     64.001
GRB170424425      0.6900       0. 57.3780 76.6155             3.1300             1100.00     53.249
GRB170510217      0.4900       0. 66.3912 23.4709             5.3500             1000.00    127.746
GRB170522657      0.2300       0. 49.4184 74.5469             2.3200             3700.00      7.424
GRB170728961      1.0100       0. 31.4994 68.1481             6.1500              630.00     46.336
GRB170808936      0.7100       0. 64.8486 17.4545             0.9900             1800.00     17.664
GRB170813051      0.7500       0. 41.1116 22.5906             1.8800              960.00    111.872
GRB170825307      1.0200       0. 50.4679 79.4937             5.8300              300.00      6.656
GRB170906030      0.1000       0. 89.1100 89.0556             4.1300             3600.00     78.849
GRB170921168      0.2600       0.104.6085 78.1572             0.9700             2700.00     39.361
GRB171010792      0.1000 0.33000114.6885 94.0831             3.8200            19000.00    107.266
GRB171011810      0.8200       0. 43.2113 52.7372             3.2800              160.00      0.480
GRB171102107      0.8200       0. 45.3952 64.7506             3.2800              370.00     48.385
GRB171120556      0.2000       0. 25.0234 12.9609             0.2600             3400.00     44.062
GRB171124235      0.2000       0. 19.2201 44.4515             5.4500             3600.00     26.176
GRB171210493      0.3200       0. 51.0937  3.5167             0.9400            12000.00    143.107
GRB171212434      0.4300       0. 11.4614 61.4512             3.3300              610.00     32.001
GRB180113418      1.0000       0. 62.6429108.8888            -1.0000             -670.00     24.576
GRB180210517      0.1200       0. 34.1544 19.9519             1.6700             7400.00     38.913
GRB180305393      0.1100       0. 74.9439 89.7318             2.4200             8900.00     13.056
GRB180526461      0.2700       0. 82.1820109.6541             1.9400             2200.00     87.000
GRB180703876      0.3300       0. 44.0473 93.9954             3.6400              930.00     20.736
GRB180703949      0.4400       0. 32.2084 44.3668             4.6100             1100.00      1.536
GRB180718763      0.9500       0. 46.4544 43.0937             2.2500              490.00     98.306
GRB180720598      0.1100 0.65400 49.1315  7.0015             4.4100             4900.00     48.897
GRB180914522      0.3360       0. 86.7528109.0354            -1.0000             5100.00    122.370
GRB181020792      0.5500 2.93800 50.3087 97.1809            -1.0000             1300.00     15.104
GRB181028590      0.3060       0. 57.9804 34.2990            -1.0000              230.00     29.697
GRB181120265      0.7110       0. 71.5091 82.8728            -1.0000              220.00     17.374
GRB181225489      0.0880       0. 44.3444 30.7108            -1.0000            13000.00     41.473
GRB181231144      0.1670       0. 51.3990 47.1126            -1.0000             2400.00     36.865
GRB190114873      0.3000 0.42000 67.4598 91.0257             2.3600            21000.00    116.354
GRB190122305      0.9100       0. 25.0016 74.5286             2.8200              310.00     54.016
GRB190511302      0.1730       0. 23.7803 26.6177            -1.0000              990.00     27.648
GRB190515190      0.9500       0. 44.6744 64.0642             1.0100              550.00      1.264
GRB190530430      0.2500       0. 60.0449104.3877             4.3000             2300.00     18.432
GRB190531840      0.1000       0. 26.3288 41.9583             4.6100             7000.00     38.145
GRB190606080      0.4700       0. 72.4808 32.0924             1.7400             1600.00      0.224
GRB190727846      0.2800       0. 45.7713 26.4663             2.0300             2300.00     35.073
GRB190731943      0.3100       0. 40.7605 78.4840             3.3500             3800.00     15.872
GRB191202867      0.2500       0. 11.5650 40.3696             5.8400             1800.00     30.721
GRB200219317      0.2900       0. 47.8789 90.4604             4.8900             1900.00      1.152
GRB200219998      0.2400       0. 44.2997 35.4554             1.9700             1200.00     21.632
GRB200412381      0.9290       0. 59.1426 84.9681            -1.0000              210.00      6.080
GRB200415367      0.5600       0. 49.1127 42.3634             0.6700             1700.00      0.144
GRB200524211      0.1280 1.25600 20.0647 69.7315            -1.0000              440.00     37.761
GRB200530031      0.3120       0. 41.8960 79.0732            -1.0000             1600.00     22.528
GRB200613229      0.0950 1.22700 29.0057 42.2878            -1.0000              300.00    478.026
GRB200716957      0.1700       0. 36.7768 71.6514             2.7900             8200.00      5.312
GRB200803149      0.4600       0. 38.7929 77.9284             2.1600              650.00    118.274
GRB201020732      0.1200 0.80400 67.9217110.5226             3.2300            60000.00     15.872
GRB201104001      0.2400       0. 57.2026 53.9108             1.3800             3700.00     52.480
GRB201208252      0.1300       0. 10.9359 34.3797             1.0300             6000.00     44.801
GRB210202841      0.6100       0. 45.9691 35.6849             4.5000             1400.00     17.664
GRB210306162      0.3700       0. 15.8996 51.7883             4.0600             1900.00      9.536
GRB210410037      0.7400       0. 50.7445 66.7726             1.7600             4200.00     48.128
GRB210520797      0.8700       0. 20.6789 66.9909             5.1300              450.00     56.065
GRB210619999      0.3600 1.93700109.6288107.9465             1.1000             8400.00     54.785
GRB210802839      0.2240       0. 51.0002 36.5956            -1.0000             1400.00     10.240
GRB210822388      0.5400       0. 84.2818116.4960             1.2100             1000.00     60.000
GRB210826293      0.2100 0.05000 55.4565102.2440             5.5000             7700.00     19.712
GRB210928084      0.1200       0. 16.3881 43.6133            -1.0000             6100.00     23.808
GRB211018936      0.2700 0.64000 67.5040 43.5709             3.1200             3300.00    123.906
GRB211023546      0.0900 0.39000 54.7986 97.7795             2.6600             8600.00     79.106
GRB220101215      0.4700 4.61800 17.0075 15.6086             3.3300             1200.00    128.259
GRB220107793      0.2400       0. 54.2490 30.8862             2.2200             2400.00     24.833
GRB220210998      0.9900       0. 16.0184 44.6570             2.6200              190.00     43.520
GRB220228438      0.6700       0. 23.7646 49.8617             8.4900              310.00     12.032
GRB220408311      0.0600       0. 28.7876 64.3519             2.8300            22000.00     32.513
GRB220527387      0.0800 0.85700 48.8552 22.8095             3.0200            12000.00     10.496
