Results from heasarc_swiftgrb: Swift Gamma Ray Bursts Catalog
Coordinate system:  Equatorial
|name       |duration|bat_pos_err|bat_epeak|xrt_pos_err|uvot_pos_err|uvot_vv_mag|redshift|
|GRB 041217 |    0.86|     1.4000|         |           |            |           |        |
|GRB 041218 |    0.04|           |         |     4.4000|            |           |        |
|GRB 041219A|    0.08|           |         |           |            |           |  0.3000|
|GRB 041219B|        |           |         |           |            |           |        |
|GRB 041219C|    0.00|     1.8000|         |           |            |           |        |
|GRB 041220 |    0.02|     1.0000|         |           |            |           |        |
|GRB 041223 |    0.19|     0.5000|         |     3.5000|            |           |        |
|GRB 041224 |    0.03|     2.0000|         |           |            |           |        |
|GRB 041226 |    0.03|     3.3000|         |           |            |           |        |
|GRB 041228 |    0.03|     0.9000|         |           |            |           |        |
|GRB 050117 |    2.45|     0.7000|         |     5.1000|            |           |        |
|GRB 050124 |    2.94|     0.9000|         |     1.7000|            |    17.4000|        |
|GRB 050126 |    1.11|     1.6000|         |     3.6000|            |           |  1.2900|
|GRB 050128 |    1.56|     1.1000|         |     1.7000|            |           |        |
|GRB 050202 |    0.03|     2.2000|         |           |            |           |        |
|GRB 050209 |    0.38|           |         |           |            |           |        |
|GRB 050215A|    0.05|     2.6000|         |           |            |           |        |
|GRB 050215B|   11.39|     1.6000|         |     2.2000|            |    21.6500|        |
|GRB 050219A|    3.57|     0.9000|         |     1.9000|            |    19.8400|        |
|GRB 050219B|    5.87|     1.0000|         |     1.5000|            |    20.4400|        |
|GRB 050223 |    1.23|     1.5000|         |     3.7000|            |    20.6800|  0.5840|
|GRB 050306 |    2.44|     1.0000|         |     5.1000|            |    21.4400|        |
|GRB 050315 |   10.84|     1.1000|         |     1.4000|            |    20.3700|  1.9500|
|GRB 050318 |    5.04|     1.0000|         |     1.4000|            |    17.5900|  1.4436|
|GRB 050319 |   10.62|     2.5000|         |     1.4000|            |    17.0700|  3.2425|
|GRB 050326 |    4.38|     0.5000|         |     2.4000|            |    19.0900|        |
|GRB 050401 |    8.61|     1.0000|         |     3.5000|            |           |  2.8983|
|GRB 050406 |   13.26|     2.5000|         |     1.9000|            |    20.5700|  2.4400|
|GRB 050408 |   14.32|           |         |     1.4000|            |    20.9600|  1.2357|
|GRB 050410 |    8.02|     1.2000|         |     1.7000|            |    20.5600|        |
|GRB 050412 |    2.79|     1.5000|         |     3.7000|            |    20.4200|        |
|GRB 050416A|   22.82|     1.8000|  15.6000|     1.4000|            |    17.2700|  0.6528|
|GRB 050416B|    4.38|     1.4000|         |           |            |    22.1700|        |
|GRB 050418 |    0.08|     0.8000|         |           |            |           |        |
|GRB 050421 |    4.79|     2.6000|         |     1.7000|            |    21.3400|        |
|GRB 050422 |   18.68|     1.9000|         |     3.6000|            |    18.7900|        |
|GRB 050502A|    3.22|           |         |           |            |    21.3300|  3.7930|
|GRB 050502B|    7.87|     1.3000|         |     1.4000|            |    21.2300|  5.2000|
|GRB 050504 |    1.10|           |         |     3.8000|            |    21.9700|        |
|GRB 050505 |    5.38|     1.3000|         |     1.4000|            |    21.2500|  4.2750|
|GRB 050507 |    0.05|     1.9000|         |           |            |           |        |
|GRB 050509A|   11.05|     1.3000|         |     2.5000|            |    19.4300|        |
|GRB 050509B|    1.81|     2.4000|         |     3.8000|            |    21.8300|  0.2249|
|GRB 050509C|    3.36|           |         |           |            |    21.7700|        |
|GRB 050520 |    2.54|           |         |     3.8000|            |    20.6100|        |
|GRB 050522 |    1.32|           |         |     9.3000|            |    21.1100|        |
|GRB 050525A|   28.14|     0.3000|  82.3000|     1.5000|            |    13.6000|  0.6060|
|GRB 050528 |    1.57|     2.2000|         |           |            |    22.1400|        |
|GRB 050603 |   14.24|     1.2000| 349.0000|     1.5000|            |    18.5900|  2.8210|
|GRB 050607 |   18.96|     1.5000|         |     3.5000|            |    22.3600|        |
|GRB 050626 |    4.01|           |         |           |            |           |        |
|GRB 050701 |    8.70|     2.1000|         |     3.5000|            |    22.3700|        |
|GRB 050709 |    2.75|           |         |           |            |    21.8500|  0.1600|
|GRB 050712 |   17.98|     1.7000|         |     1.5000|     1.00000|    17.0900|        |
|GRB 050713A|   11.15|     1.0000|         |     1.4000|            |    19.4500|  3.6000|
|GRB 050713B|    6.44|     1.7000|         |     1.4000|            |    19.6300|        |
|GRB 050714A|    2.17|           |         |     3.8000|            |           |        |
|GRB 050714B|   10.83|     2.4000|         |     1.5000|            |    20.7400|  3.5000|
|GRB 050715 |    0.03|     1.3000|         |           |            |           |        |
|GRB 050716 |   12.05|     1.0000|         |     1.4000|            |    21.7000|        |
|GRB 050717 |    7.36|     0.7000|         |     1.5000|            |    20.8700|        |
|GRB 050721 |    4.70|     1.9000|         |     1.7000|            |    17.3300|        |
|GRB 050724 |   10.34|     1.9000|         |     1.5000|            |    21.0200|  0.2580|
|GRB 050726 |    5.67|     1.8000|         |     1.4000|     1.00000|    17.3000|        |
|GRB 050730 |    4.42|     1.4000|         |     1.4000|            |    17.0700|  3.9693|
|GRB 050801 |    9.34|     1.6000|         |     1.5000|            |    15.5200|  1.3800|
|GRB 050802 |   22.22|     1.5000|         |     1.4000|     1.00000|    16.5500|  1.7102|
|GRB 050803 |   14.24|     1.2000|         |     1.4000|            |    21.2300|        |
|GRB 050813 |    3.04|     2.9000|         |     2.9000|            |    21.6000|  0.7220|
|GRB 050814 |    8.76|     2.1000|         |     1.4000|            |    21.5800|  5.3000|
|GRB 050815 |    1.37|     2.0000|         |     1.5000|     0.50000|    17.3800|        |
|GRB 050819 |    3.04|     2.1000|         |     1.5000|            |    20.3600|  2.5043|
|GRB 050820A|   33.45|     1.2000|         |     1.4000|            |    17.4600|  2.6147|
|GRB 050820B|    0.63|     0.6000|         |     3.6000|            |           |        |
|GRB 050822 |   25.16|     1.7000|         |     1.4000|            |    20.8500|  1.4340|
|GRB 050824 |   13.14|     2.0000|         |     1.5000|            |    20.4800|  0.8281|
|GRB 050826 |    3.30|     2.0000|         |     1.5000|            |    21.0700|  0.2970|
|GRB 050827 |    7.82|     1.1000|         |     1.5000|            |    21.1800|        |
|GRB 050904 |    5.23|     1.3000|         |     3.5000|            |    21.1200|  6.2950|
|GRB 050906 |    1.42|     3.3000|         |           |            |           |        |
|GRB 050908 |    5.67|     1.5000|         |     1.5000|            |    20.7400|  3.3467|
|GRB 050911 |    3.24|     2.4000|         |           |            |    20.3300|        |
|GRB 050915A|    5.31|     1.4000|         |     1.4000|            |    20.4500|  2.5273|
|GRB 050915B|    7.53|     0.8000|         |     1.6000|            |    20.9100|        |
|GRB 050916 |    3.98|     3.6000|         |     1.4000|            |    21.1700|        |
|GRB 050918 |    1.74|           |         |     7.0000|            |    19.1300|        |
|GRB 050922A|    0.03|           |         |           |            |    20.1800|        |
|GRB 050922B|   12.45|     2.5000|         |     1.7000|            |    20.1400|        |
|GRB 050922C|    4.40|     0.7000| 131.0000|     1.4000|            |    14.2900|  2.1995|
|GRB 050925 |    1.22|     1.5000|         |           |            |    21.6200|        |
|GRB 051001 |    4.77|     2.4000|         |     1.7000|            |    21.5600|  2.4296|
|GRB 051006 |    4.00|     1.4000|         |     1.5000|            |    21.2700|  1.0590|
|GRB 051008 |    5.89|     0.7000|         |     1.4000|            |    21.3300|  5.2000|
|GRB 051012 |    5.07|     1.6000|         |     5.2000|            |    22.0300|        |
|GRB 051016A|    6.76|     1.9000|         |     1.5000|            |    20.9300|        |
|GRB 051016B|   10.84|     1.7000|         |     1.4000|            |    20.5200|  0.9364|
|GRB 051021A|    8.09|           |         |     1.5000|            |    20.0900|        |
|GRB 051021B|    3.81|     1.3000|         |     1.6000|            |    19.8000|        |
|GRB 051022 |   10.82|           |         |     1.4000|            |    20.2200|  0.8000|
|GRB 051028 |    2.23|           |         |     1.7000|            |    20.8800|        |
|GRB 051105A|    1.71|     2.3000|         |           |            |           |        |
|GRB 051105B|    2.15|           |         |           |            |    21.3600|        |
|GRB 051109A|   14.69|     2.1000| 161.0000|     1.4000|            |    16.6200|  2.3460|
|GRB 051109B|    8.58|     1.9000|         |     1.5000|            |    21.8400|  0.0800|
|GRB 051111 |    2.20|     0.9000|         |     1.5000|            |    19.4300|  1.5495|
|GRB 051113 |    0.06|     1.4000|         |           |            |           |        |
|GRB 051114 |    0.80|     2.1000|         |     6.8000|            |    21.0400|        |
|GRB 051117A|   27.04|     0.9000|         |     1.6000|     0.50000|    17.2800|        |
|GRB 051117B|    4.31|     2.5000|         |     1.7000|            |    21.0700|  0.4810|
|GRB 051210 |    1.40|     2.0000|         |     1.6000|            |    21.0300|        |
|GRB 051211A|    0.20|           |         |           |            |           |        |
|GRB 051211B|    9.50|           |         |     1.5000|            |    22.0600|        |
|GRB 051213 |    0.08|     1.8000|         |           |            |           |        |
|GRB 051221A|   20.18|     0.6000|         |     1.4000|            |    20.8700|  0.5465|
|GRB 051221B|    0.43|     1.7000|         |     2.1000|            |    19.3900|        |
|GRB 051227 |    6.99|     2.1000|         |     3.6000|            |    19.5300|  0.7140|
|GRB 060102 |    0.06|     2.7000|         |           |            |    19.9800|        |
|GRB 060105 |    5.39|     0.9000|         |     1.4000|            |    21.6900|  4.0000|
|GRB 060108 |    4.91|     1.3000|         |     1.5000|            |    19.4900|  2.0300|
|GRB 060109 |    3.75|     3.0000|         |     1.4000|            |    21.4800|        |
|GRB 060110 |    2.89|     0.7000|         |     3.9000|            |    21.5100|        |
|GRB 060111A|    7.24|     0.7000|         |     1.4000|     1.00000|    17.1500|        |
|GRB 060111B|    4.15|     1.5000|         |     1.4000|            |    16.1200|        |
|GRB 060114 |    0.03|           |         |           |            |           |        |
|GRB 060115 |    3.83|     1.9000|  63.0000|     1.4000|            |    19.9400|  3.5328|
|GRB 060116 |    8.08|     1.7000|         |     1.5000|            |    20.8700|  6.6000|
|GRB 060117 |    0.72|     0.6000|         |           |            |    19.2500|  0.4500|
|GRB 060121 |    8.56|           |         |     1.6000|            |    20.0800|        |
|GRB 060123 |   12.35|     3.0000|         |     2.4000|            |    20.4700|  1.0990|
|GRB 060124 |   26.67|     1.7000| 193.0000|     1.4000|            |    17.3600|  2.2970|
|GRB 060130 |    0.30|           |         |           |            |    21.8000|        |
|GRB 060202 |   21.29|     2.0000|         |     1.4000|            |    20.5800|  0.7830|
|GRB 060203 |    5.58|     1.9000|         |     1.4000|            |    20.8700|        |
|GRB 060204A|    3.02|           |         |           |            |    20.8400|        |
|GRB 060204B|    9.04|     0.8000|         |     1.4000|            |    20.4100|  3.1000|
|GRB 060206 |   43.33|     0.7000|  78.0000|     1.5000|            |    17.3900|  4.0480|
|GRB 060210 |    7.82|     1.0000|         |     1.4000|            |    20.5100|  3.9133|
|GRB 060211A|    6.21|     1.5000|         |     1.4000|            |    20.4700|        |
|GRB 060211B|    0.44|     1.9000|         |     1.6000|            |    19.9700|        |
|GRB 060213 |    6.10|           |         |    10.0000|            |    20.2900|  3.5000|
|GRB 060218 |   29.15|     3.1000|         |     1.4000|            |    18.7900|  0.0334|
|GRB 060219 |    7.02|     2.2000|         |     1.5000|            |    20.4900|        |
|GRB 060223A|    1.68|     1.2000|         |     1.5000|     1.00000|    17.0800|  4.4060|
|GRB 060223B|    0.62|     0.7000|         |    10.0000|            |           |        |
|GRB 060306 |    4.18|     1.0000|         |     1.4000|            |    20.9300|        |
|GRB 060312 |    4.92|     0.9000|         |     3.5000|            |    19.5400|        |
|GRB 060313 |    8.18|     0.7000|         |     1.4000|            |    17.3200|  1.7000|
|GRB 060319 |   39.71|     2.1000|         |     1.4000|            |    21.8200|        |
|GRB 060322 |    3.63|     1.1000|         |     4.1000|            |           |        |
|GRB 060323 |    4.18|     1.5000|         |     1.6000|            |    20.7900|        |
|GRB 060403 |    2.37|     1.0000|         |     2.3000|            |    20.5700|        |
|GRB 060413 |    5.43|     1.9000|         |     1.4000|            |    20.2600|        |
|GRB 060418 |    8.97|     1.0000| 230.0000|     1.4000|     0.50000|    16.1800|  1.4901|
|GRB 060421 |    3.93|     0.8000|         |     1.6000|            |    21.1000|        |
|GRB 060424 |    0.03|     1.7000|         |           |            |           |        |
|GRB 060427 |    1.15|     2.2000|         |     3.5000|            |    20.8500|        |
|GRB 060428A|   31.14|     0.9000|         |     1.4000|            |    21.1200|        |
|GRB 060428B|   13.18|     2.8000|         |     1.4000|            |    19.0700|        |
|GRB 060429 |    0.27|           |         |           |            |    20.5300|        |
|GRB 060501 |    2.23|     1.4000|         |     4.4000|            |    20.6900|        |
|GRB 060502A|   12.31|     0.8000|         |     1.5000|     0.56000|    17.4200|  1.5026|
|GRB 060502B|    0.83|     1.8000|         |     5.2000|            |    21.3000|  0.2870|
|GRB 060505 |    3.14|     2.8000|         |     2.0000|            |    20.3500|  0.0889|
|GRB 060507 |    6.62|     1.2000|         |     1.5000|            |    20.6800|        |
|GRB 060510A|    6.24|     1.4000|         |     1.4000|     0.56000|    17.4000|        |
|GRB 060510B|    8.72|     1.9000|         |     1.5000|            |    20.7500|  4.9410|
|GRB 060512 |    3.12|     2.1000|         |     1.5000|     0.50000|    15.8600|  2.1000|
|GRB 060515 |    0.48|     1.6000|         |     3.5000|            |    20.3900|        |
|GRB 060516 |    0.04|     2.5000|         |           |            |           |        |
|GRB 060522 |    5.30|     1.5000|         |     1.4000|     0.60000|    20.4500|  5.1100|
|GRB 060526 |    6.40|     1.4000|         |     1.4000|     0.50000|    17.1100|  3.2213|
|GRB 060602 |    6.86|     1.6000|         |     5.2000|            |    18.4900|  0.7870|
|GRB 060604 |   16.96|     3.6000|         |     1.4000|     0.60000|    21.4000|  2.1357|
|GRB 060605 |    1.83|     2.0000|         |     1.4000|     0.50000|    17.1200|  3.7730|
|GRB 060607A|    3.44|     0.8000|         |     1.4000|     0.50000|    16.9700|  3.0749|
|GRB 060607B|    0.03|     1.1000|         |           |            |           |        |
|GRB 060614 |   59.62|     0.9000|         |     1.4000|     0.56000|    19.1600|  0.1257|
|GRB 060707 |   19.05|     1.4000|  63.0000|     1.7000|            |    17.3200|  3.4250|
|GRB 060708 |   10.62|     1.0000|         |     1.4000|     0.50000|    16.9500|  1.9200|
|GRB 060712 |   11.54|     2.4000|         |     1.6000|            |    20.9200|        |
|GRB 060714 |   13.55|     1.5000|         |     1.4000|     0.56000|    17.2500|  2.7108|
|GRB 060717 |    0.48|     2.6000|         |     3.6000|            |    20.3700|        |
|GRB 060719 |   11.73|     1.3000|         |     1.4000|            |    20.7200|  1.5320|
|GRB 060728 |    1.76|     3.2000|         |           |            |    20.0700|        |
|GRB 060729 |  106.41|     4.3000|         |     1.4000|            |    17.2600|  0.5428|
|GRB 060801 |    3.65|     1.8000|         |     1.5000|            |    20.2700|  1.1310|
|GRB 060804 |    3.56|     2.1000|         |     1.4000|     1.00000|    20.2900|        |
|GRB 060805A|    2.67|     2.9000|         |     1.6000|            |    21.9700|  2.5000|
|GRB 060805B|    1.53|           |         |     1.7000|            |    21.0900|  1.3000|
|GRB 060807 |    5.21|     1.9000|         |     1.4000|            |    20.8700|  3.4000|
|GRB 060813 |    2.60|     0.6000|         |     1.4000|            |    20.9100|  2.3800|
|GRB 060814 |   12.56|     0.7000|         |     1.4000|            |    21.0500|  1.9229|
|GRB 060825 |    6.16|     0.8000|         |     1.8000|            |    20.8800|  2.0000|
|GRB 060901 |    0.52|           |         |     2.2000|            |    20.0000|  2.0000|
|GRB 060904A|   13.18|     1.5000|         |     4.0000|            |    19.9900|  1.8400|
|GRB 060904B|    7.16|     0.9000|         |     1.4000|     0.50000|    17.0100|  0.7029|
|GRB 060906 |    3.47|     2.3000|         |     1.4000|            |    20.0600|  3.6856|
|GRB 060908 |    8.71|     1.1000| 151.0000|     1.4000|     0.70000|    14.8300|  1.8836|
|GRB 060912A|    7.72|     0.9000|         |     1.4000|     0.50000|    16.3400|  0.9370|
|GRB 060912B|    0.15|           |         |           |            |    19.0700|        |
|GRB 060919 |    3.58|     1.7000|         |     1.7000|            |    20.2500|        |
|GRB 060923A|   12.35|     2.2000|         |     1.5000|            |    20.5500|  2.8000|
|GRB 060923B|    2.41|     1.7000|         |     1.8000|            |    18.7000|        |
|GRB 060923C|    8.98|     2.1000|         |     3.5000|            |           |  3.5000|
|GRB 060926 |    2.60|     1.4000|         |     1.7000|     0.50000|    17.3800|  3.2086|
|GRB 060927 |    2.12|     0.8000|  72.0000|     1.6000|            |    20.3900|  5.4636|
|GRB 060928 |    1.31|     2.5000|         |     3.8000|            |           |  1.3000|
|GRB 060929 |    6.00|     2.0000|         |     1.5000|            |    20.3400|        |
|GRB 061002 |    0.56|     1.7000|         |     2.6000|            |    20.9700|        |
|GRB 061004 |    5.86|     0.9000|         |     1.4000|            |    20.8900|        |
|GRB 061006 |    2.89|     1.8000|         |     1.8000|            |    20.8000|  0.4377|
|GRB 061007 |   15.65|     0.9000| 399.0000|     1.4000|            |    12.3000|  1.2622|
|GRB 061019 |    8.37|     3.3000|         |     1.5000|            |    20.2900|        |
|GRB 061021 |   43.91|     0.6000|         |     1.4000|     0.60000|    15.0700|  0.3463|
|GRB 061025 |    2.21|           |         |     2.0000|            |    20.8400|        |
|GRB 061027 |    0.16|     3.8000|         |           |            |    19.9900|        |
|GRB 061028 |    1.84|     2.5000|         |     1.6000|            |    19.9500|  0.7600|
|GRB 061102 |    1.26|     2.6000|         |     5.7000|            |    20.1500|        |
|GRB 061110A|    8.91|     1.1000|         |     1.6000|            |    20.4100|  0.7578|
|GRB 061110B|    0.88|     1.6000|         |     1.7000|            |    20.8800|  3.4344|
|GRB 061121 |   22.64|     0.9000| 606.0000|     1.4000|     0.60000|    17.3200|  1.3145|
|GRB 061122 |   13.44|           |         |     1.4000|            |    20.6500|        |
|GRB 061126 |   23.24|     0.7000|         |     1.4000|     0.50000|    19.1100|  1.1588|
|GRB 061201 |    1.59|     1.2000|         |     1.4000|     0.50000|    20.2000|        |
|GRB 061202 |    5.63|     4.3000|         |     1.4000|            |    20.6400|        |
|GRB 061210 |    8.58|     2.4000|         |     3.9000|            |           |  0.4095|
|GRB 061217 |    3.39|     2.3000|         |     5.5000|            |    21.5600|  0.8270|
|GRB 061218 |    0.48|     3.9000|         |           |            |    19.1900|        |
|GRB 061222A|   16.13|     1.3000|         |     1.4000|            |    20.2100|  2.0880|
|GRB 061222B|    3.19|     1.3000|         |     1.7000|            |    19.9900|  3.3550|
|GRB 070103 |    2.00|     2.3000|         |     1.5000|            |    21.0700|  2.6208|
|GRB 070107 |   10.05|     1.2000|         |     1.4000|     1.00000|    20.9200|        |
|GRB 070110 |   23.74|     1.1000|         |     1.4000|     1.00000|    19.7300|  2.3521|
|GRB 070124 |    3.09|           |         |           |            |           |        |
|GRB 070125 |   11.04|     2.5000|         |     1.5000|     0.50000|    18.4100|  1.5477|
|GRB 070126 |   10.45|     4.0000|         |           |            |    17.5000|        |
|GRB 070129 |   17.83|     2.9000|         |     1.4000|            |    20.5500|  2.3384|
|GRB 070208 |    4.88|     3.4000|         |     1.5000|            |    21.3500|  1.1650|
|GRB 070209 |    2.90|     2.2000|         |           |            |    20.9300|        |
|GRB 070219 |    2.80|     2.1000|         |     1.7000|            |    20.5100|        |
|GRB 070220 |    2.35|     0.7000|         |     1.4000|            |    20.5800|  2.1500|
|GRB 070223 |   11.02|     1.2000|         |     1.7000|            |    20.9800|        |
|GRB 070224 |    9.74|     2.3000|         |     1.6000|            |    20.1600|        |
|GRB 070227 |    7.90|     2.7000|         |     2.1000|            |    20.7800|        |
|GRB 070306 |   11.50|     2.9000|         |     1.4000|            |    20.3200|  1.4965|
|GRB 070309 |    2.92|           |         |     4.4000|            |    20.0000|        |
|GRB 070311 |    6.16|           |         |     1.5000|            |    20.5100|        |
|GRB 070318 |    8.44|     0.8000|         |     1.4000|     0.50000|    16.2000|  0.8397|
|GRB 070326 |        |     3.9000|         |           |            |           |        |
|GRB 070328 |   11.10|     0.6000|         |     1.4000|            |    20.9600|  3.5000|
|GRB 070330 |    3.38|     1.7000|         |     1.5000|     0.50000|    17.2200|        |
|GRB 070406 |    8.77|     3.0000|         |           |            |    20.7600|        |
|GRB 070411 |    8.42|     1.4000|         |     1.5000|            |    17.7700|  2.9538|
|GRB 070412 |    6.49|     1.5000|         |     1.5000|            |    20.8200|        |
|GRB 070419A|    8.20|     2.3000|         |     1.7000|            |    18.0700|  0.9705|
|GRB 070419B|    4.93|     0.8000|         |     1.5000|            |    19.8800|  1.9588|
|GRB 070420 |    7.47|     1.0000|         |     1.4000|     0.20000|    17.5700|  1.5600|
|GRB 070427 |    0.08|     0.8000|         |           |            |           |        |
|GRB 070429A|    7.80|     2.5000|         |     2.1000|            |    19.9400|        |
|GRB 070429B|    0.50|     1.9000|         |     2.4000|     0.60000|    20.4400|  0.9040|
|GRB 070506 |    3.38|     1.9000|         |     1.8000|     0.50000|    17.9300|  2.3090|
|GRB 070508 |    8.17|     0.4000|         |     1.4000|     0.50000|    17.4500|  0.8200|
|GRB 070509 |    1.48|     1.7000|         |     1.9000|            |    20.0200|        |
|GRB 070517 |    4.21|     1.9000|         |     3.5000|            |           |        |
|GRB 070518 |   14.65|     1.8000|         |     1.6000|     1.00000|    17.7100|  0.7000|
|GRB 070520A|   11.69|     2.2000|         |     2.3000|            |    20.3400|        |
|GRB 070520B|    3.01|     2.1000|         |     1.8000|            |    20.2800|        |
|GRB 070521 |    4.32|     1.1000|         |     1.4000|            |    20.6900|  0.5530|
|GRB 070529 |    8.71|     1.9000|         |     1.4000|     0.50000|    15.5800|  2.4996|
|GRB 070531 |    0.07|     1.7000|         |     1.8000|            |    19.4600|        |
|GRB 070611 |    4.89|     2.0000|         |     1.8000|     0.50000|    17.3400|  2.0394|
|GRB 070612A|    0.95|     1.4000|         |           |            |           |  0.6170|
|GRB 070612B|    1.89|     1.2000|         |     1.8000|            |    20.1000|        |
|GRB 070615 |    0.96|           |         |     4.6000|            |    20.3100|        |
|GRB 070616 |    4.13|     2.6000|         |     1.4000|            |    20.7300|  3.0000|
|GRB 070621 |    9.52|     0.9000|         |     1.4000|            |    19.8600|        |
|GRB 070628 |    1.02|     1.2000|         |     1.4000|     0.70000|    19.4600|        |
|GRB 070704 |    4.02|     1.6000|         |     1.5000|            |    19.3400|        |
|GRB 070707 |    1.34|           |         |     3.9000|            |    20.2000|        |
|GRB 070714A|    0.55|     1.3000|         |     1.8000|            |    19.6900|        |
|GRB 070714B|    1.57|     1.7000|1120.0000|     1.4000|            |    21.2400|  0.9200|
|GRB 070721A|    5.42|     2.3000|         |     1.6000|     2.00000|    19.3800|        |
|GRB 070721B|    2.15|     1.2000|         |     1.5000|     0.90000|    14.7300|  3.6298|
|GRB 070724A|    6.34|     2.3000|         |     1.7000|            |    19.9500|  0.4570|
|GRB 070724B|    1.28|           |  82.0000|     2.0000|            |    21.0700|  1.1000|
|GRB 070729 |    0.82|     2.1000|         |     2.5000|            |    20.9400|        |
|GRB 070731 |    2.48|     1.9000|         |           |            |           |        |
|GRB 070802 |    4.34|     2.0000|         |     1.5000|            |    19.9700|  2.4541|
|GRB 070805 |    0.38|     1.4000|         |           |            |    19.4300|        |
|GRB 070808 |    1.60|     1.2000|         |     1.5000|            |    20.2200|  3.5000|
|GRB 070809 |    0.40|     1.7000|         |     3.6000|            |    19.8300|  0.2187|
|GRB 070810A|    0.52|     1.2000|         |     1.4000|     0.60000|    16.5800|  2.1700|
|GRB 070810B|    2.26|     2.5000|         |           |            |    20.3800|        |
|GRB 070911 |   15.80|     0.5000| 170.0000|     3.5000|            |           |        |
|GRB 070913 |    1.71|     1.8000|         |     4.1000|            |           |        |
|GRB 070917 |   11.66|     0.6000| 211.0000|     4.7000|            |           |  2.4000|
|GRB 070920A|    0.66|     1.9000|         |           |            |           |        |
|GRB 070920B|    2.62|     1.0000|         |     4.4000|            |           |        |
|GRB 070923 |    0.08|     2.1000|         |           |            |           |        |
|GRB 070925 |    2.32|           |         |     3.9000|            |           |        |
|GRB 071001 |    0.14|     1.8000|         |     6.0000|            |           |        |
|GRB 071003 |    9.54|     0.9000| 799.0000|     3.5000|            |           |  1.6043|
|GRB 071006 |    0.00|     2.2000| 334.0000|           |            |           |        |
|GRB 071008 |    0.82|     1.9000|         |     4.4000|            |           |        |
|GRB 071010A|    5.71|     2.5000|         |     3.6000|            |           |  0.9850|
|GRB 071010B|    0.65|     0.5000|  52.0000|     3.6000|            |           |  0.9470|
|GRB 071010C|    0.00|     2.6000|         |           |            |           |        |
|GRB 071011 |   15.54|     1.4000|         |     4.1000|            |           |        |
|GRB 071013 |    0.09|     2.4000|         |           |            |           |        |
|GRB 071017 |    1.02|           |         |           |            |           |        |
|GRB 071018 |    5.74|     3.1000|         |           |            |           |        |
|GRB 071020 |    6.85|     0.5000| 322.0000|     3.5000|            |           |  2.1462|
|GRB 071021 |    9.67|     3.1000|         |     3.5000|            |           |  2.4520|
|GRB 071025 |    5.65|     1.3000|         |     1.4000|            |    20.8300|  4.8000|
|GRB 071028A|    1.03|     2.2000|         |     1.5000|            |           |        |
|GRB 071028B|    5.00|     3.1000|         |     3.6000|            |    21.2700|        |
|GRB 071031 |    6.32|     1.8000|  30.0000|     1.5000|     0.50000|    17.4100|  2.6918|
|GRB 071101 |    1.09|     2.4000|         |     3.7000|            |    21.6800|        |
|GRB 071104 |    0.55|           |         |     1.5000|            |           |        |
|GRB 071109 |    2.22|           |         |           |            |    20.3500|        |
|GRB 071112B|    0.14|     2.3000|         |           |            |    18.8100|        |
|GRB 071112C|    6.07|     1.0000|         |     1.4000|     0.50000|    17.0900|  0.8227|
|GRB 071117 |    0.75|     0.7000| 278.0000|     1.5000|            |    20.6200|  1.3308|
|GRB 071118 |    0.39|     2.7000|         |     1.4000|     0.60000|    17.4800|  5.0000|
|GRB 071122 |    0.03|     2.4000|         |     1.8000|            |    20.2800|  1.1400|
|GRB 071129 |    0.03|     2.2000|         |           |            |           |  3.5000|
|GRB 071227 |    4.05|     2.5000|1000.0000|     1.7000|     0.60000|    21.3500|  0.3830|
|GRB 080120 |    0.23|           |         |     1.8000|     0.60000|    20.2300|  3.5000|
|GRB 080121 |    2.04|     3.1000|         |           |            |    20.7300|        |
|GRB 080123 |    0.76|     2.8000|         |     1.7000|            |    16.9200|        |
|GRB 080129 |    8.00|     2.2000|         |     1.4000|            |    21.0500|  4.3490|
|GRB 080130 |    0.23|     2.6000|         |     4.6000|            |    19.8200|        |
|GRB 080205 |    2.57|     1.5000|         |     1.5000|     0.50000|    17.7500|  4.0000|
|GRB 080207 |    3.36|     1.1000|         |     1.4000|            |    21.1200|  2.0858|
|GRB 080210 |    4.37|     1.0000|         |     1.5000|     0.60000|    16.7500|  2.6419|
|GRB 080211 |    0.01|           | 484.0000|           |            |           |        |
|GRB 080212 |    2.26|     1.5000|         |     1.4000|     1.00000|    16.7900|  3.5000|
|GRB 080218A|    0.04|     2.3000|         |           |            |           |        |
|GRB 080218B|    6.43|     2.0000|         |     1.6000|            |    20.6900|        |
|GRB 080229A|    2.77|     1.5000|         |     1.4000|            |    20.8800|        |
|GRB 080229B|    5.17|           |         |     1.8000|            |    21.5300|        |
|GRB 080303 |    9.85|     1.5000|         |     1.5000|     0.60000|    17.4100|        |
|GRB 080307 |   31.32|     1.6000|         |     1.4000|            |    20.5100|  3.5000|
|GRB 080310 |    8.93|     1.4000|         |     1.4000|     0.60000|    17.3100|  2.4274|
|GRB 080315 |    4.49|     3.3000|         |           |            |    21.4800|        |
|GRB 080319A|    0.58|     1.4000|         |     1.7000|            |    20.0300|        |
|GRB 080319B|   31.44|     0.3000| 651.0000|     1.4000|     0.50000|    15.2800|  0.9382|
|GRB 080319C|    6.67|     0.9000| 307.0000|     1.7000|     0.53000|    18.3000|  1.9492|
|GRB 080319D|    3.48|     2.5000|         |     1.5000|     0.50000|    17.0700|        |
|GRB 080320 |   22.04|     1.7000|         |     1.4000|            |    20.8500|  4.5000|
|GRB 080325 |    3.27|     2.0000|         |     1.7000|            |    20.7000|        |
|GRB 080328 |    0.51|     0.7000| 338.0000|     1.4000|     0.60000|    16.2300|  2.5000|
|GRB 080330 |    4.03|     1.8000|         |     4.6000|     0.30000|    17.3400|  1.5119|
|GRB 080405 |    0.71|     2.4000|         |     2.5000|            |           |        |
|GRB 080408 |    0.01|           |         |     8.6000|            |           |  3.5000|
|GRB 080409 |    1.05|     1.7000|         |     1.6000|            |    20.5300|        |
|GRB 080411 |   41.65|     0.5000| 259.0000|     1.4000|     0.50000|    18.1000|  1.0301|
|GRB 080413A|    0.48|     0.6000| 170.0000|     1.5000|     0.50000|    15.0800|  2.4330|
|GRB 080413B|    6.34|     0.8000|         |     1.4000|     0.50000|    19.2200|  1.1014|
|GRB 080414 |    0.34|           |         |           |            |    18.7200|        |
|GRB 080426 |    1.12|     1.1000|         |     1.5000|            |    21.1200|        |
|GRB 080430 |   31.43|     0.7000|         |     1.4000|     0.50000|    16.9400|  0.7670|
|GRB 080503 |    1.65|     3.2000|         |     1.6000|            |    21.4600|        |
|GRB 080506 |    0.91|     2.5000|         |     1.4000|     0.50000|    17.2400|  3.0000|
|GRB 080507 |    0.19|           | 492.0000|     2.3000|            |           |        |
|GRB 080514B|    0.47|           | 224.0000|     1.7000|     0.60000|    19.4200|  2.3000|
|GRB 080515 |    1.90|     1.8000|         |     3.8000|            |    20.3400|        |
|GRB 080516 |    0.59|     2.2000|         |     1.5000|            |    17.1300|  3.2000|
|GRB 080517 |    0.82|     2.3000|         |     1.6000|            |    21.0300|  3.5000|
|GRB 080520 |    2.09|     2.3000|  30.0000|     1.6000|     0.50000|    20.3900|  1.5457|
|GRB 080521 |    0.39|     6.4000|         |     5.4000|            |    19.3000|        |
|GRB 080523 |    1.11|     1.8000|         |     1.5000|            |    20.5400|  3.0000|
|GRB 080524 |    0.29|     2.4000|         |           |            |    20.9900|        |
|GRB 080602A|    0.03|     1.7000| 226.0000|     1.7000|            |    19.6100|        |
|GRB 080602B|    1.64|     6.3000|         |           |            |    20.0400|        |
|GRB 080603A|    0.98|           |         |     1.6000|     0.30000|    19.4200|  1.6880|
|GRB 080603B|    0.16|     0.7000| 102.0000|     1.8000|     0.30000|    13.8000|  2.6892|
|GRB 080604 |    4.39|     2.0000|         |     1.5000|     0.50000|    21.0600|  1.4171|
|GRB 080605 |    9.09|     0.6000| 252.0000|     1.5000|     0.50000|    16.6800|  1.6403|
|GRB 080607 |    3.28|     0.9000| 419.0000|     1.4000|     0.50000|    17.1300|  3.0368|
|GRB 080613A|    0.62|           |         |     1.9000|            |    20.2600|        |
|GRB 080613B|    2.17|     0.6000| 733.0000|     2.1000|            |    20.7100|        |
|GRB 080623 |    3.34|     1.4000|         |     1.4000|            |    20.9400|        |
|GRB 080625 |    5.31|           |         |     1.7000|     0.50000|    20.1000|        |
|GRB 080701A|    0.71|     1.4000|         |     1.7000|            |    18.9900|        |
|GRB 080701B|    0.52|     3.0000|         |           |            |    19.2100|        |
|GRB 080702A|    1.19|     3.0000|         |     1.8000|            |    20.4400|        |
|GRB 080702B|    1.10|     6.4000|         |     6.3000|            |           |        |
|GRB 080703 |    1.88|     2.2000|         |     1.4000|     0.50000|    16.2800|        |
|GRB 080707 |    3.77|     1.8000|         |     1.5000|     1.10000|    19.4300|  1.2322|
|GRB 080710 |    6.50|     2.2000|         |     1.4000|     0.50000|    17.0400|  0.8454|
|GRB 080714 |    3.62|     0.9000| 137.0000|     1.5000|     0.80000|    19.2000|        |
|GRB 080721 |   13.24|     1.0000| 485.0000|     1.4000|     0.50000|    13.2200|  2.5914|
|GRB 080723A|    4.56|     1.6000|         |     1.4000|            |    20.5800|        |
|GRB 080723B|    0.19|           | 225.0000|     1.5000|            |    18.4200|        |
|GRB 080725 |    0.08|     1.3000|         |           |            |           |        |
|GRB 080727A|    0.22|     2.4000|         |     1.6000|            |    20.1200|        |
|GRB 080727B|    3.29|     0.6000| 282.0000|     1.6000|            |    19.6500|  5.5000|
|GRB 080727C|    0.69|     0.8000|         |     1.5000|            |    20.7700|        |
|GRB 080802 |    2.49|     1.5000|         |     3.5000|            |           |        |
|GRB 080804 |    6.18|     1.2000|         |     1.4000|     0.40000|    16.3100|  2.2045|
|GRB 080805 |   10.05|     0.9000|         |     1.6000|            |    20.5200|  1.5042|
|GRB 080810 |    6.99|     1.2000| 550.0000|     1.4000|     0.60000|    13.8500|  3.3510|
|GRB 080822B|    0.06|     3.6000|         |           |            |           |        |
|GRB 080825B|    0.40|           |  72.0000|     2.8000|            |    20.4000|  0.8300|
|GRB 080828 |    1.18|           |         |     2.7000|            |           |        |
|GRB 080903 |    1.73|     0.9000|         |     1.5000|     0.90000|    19.6400|  3.3000|
|GRB 080905A|    1.18|     2.1000|         |     1.6000|            |    20.2600|  0.1218|
|GRB 080905B|    7.98|     1.8000|         |     1.4000|     0.70000|    17.3800|  2.3739|
|GRB 080906 |    7.36|     1.6000|         |     1.8000|     0.64000|    17.3100|  2.0000|
|GRB 080913 |   15.60|     1.5000| 131.0000|     1.5000|            |    20.6500|  6.7330|
|GRB 080915A|    1.24|     2.4000|         |     4.0000|            |    19.7700|        |
|GRB 080915B|    0.07|     0.8000|         |           |            |           |        |
|GRB 080916A|   15.03|     0.6000| 129.0000|     1.4000|     0.50000|    17.2600|  0.6887|
|GRB 080916B|    0.12|     2.1000|         |     2.3000|     0.80000|    19.9500|        |
|GRB 080916C|   11.43|           | 505.0000|     1.9000|            |    19.7600|  4.3500|
|GRB 080919 |    1.95|     1.9000|         |     1.6000|            |    20.8400|        |
|GRB 080922 |    0.22|           |         |           |            |    19.3900|        |
|GRB 080928 |    2.69|     2.2000|         |     1.4000|     0.50000|    17.2900|  1.6919|
|GRB 081001 |    0.09|           | 239.0000|     2.0000|            |    19.8500|        |
|GRB 081003A|    0.03|           |         |     2.3000|            |    19.8300|        |
|GRB 081003B|    0.41|           |         |           |            |    18.0700|        |
|GRB 081007 |   15.67|     1.5000|         |     1.4000|     0.50000|    17.4100|  0.5295|
|GRB 081008 |    8.28|     1.0000|         |     1.4000|     0.60000|    14.5900|  1.9685|
|GRB 081011 |    0.91|     2.1000|         |     1.5000|     0.90000|    20.7800|  3.8000|
|GRB 081012 |    2.18|     1.7000| 360.0000|     1.8000|            |    20.2400|        |
|GRB 081016A|    0.57|           |         |     3.7000|            |           |        |
|GRB 081016B|    0.51|     2.3000|         |     1.8000|            |    17.4300|        |
|GRB 081017 |    0.03|     2.3000|         |           |            |           |        |
|GRB 081022 |    0.08|     1.4000|         |           |            |           |        |
|GRB 081024A|    0.54|     1.7000|         |     1.8000|            |    20.4300|        |
|GRB 081024B|    4.36|           |1583.0000|           |            |    20.2800|        |
|GRB 081025 |    1.80|     2.9000| 222.0000|     4.6000|            |           |        |
|GRB 081028 |   10.02|     1.2000|         |     1.4000|            |    20.5100|  3.0380|
|GRB 081029 |    6.11|     2.1000|         |     1.4000|     0.50000|    16.8600|  3.8479|
|GRB 081101 |    0.38|     1.7000|         |           |            |    19.0800|        |
|GRB 081102 |    0.99|     1.1000|  88.7000|     1.5000|            |    21.3700|        |
|GRB 081104 |    1.67|     1.3000|         |     1.6000|            |    20.9700|        |
|GRB 081105 |    0.84|     1.9000|         |     3.8000|            |    19.9100|        |
|GRB 081109 |    5.36|     0.9000| 240.0000|     1.4000|            |    20.3300|  3.5000|
|GRB 081109B|    0.19|     3.4000|         |           |            |    19.8500|        |
|GRB 081118 |    8.24|     1.6000|  41.2000|     1.7000|            |    20.9300|  2.5800|
|GRB 081121 |    9.72|     1.2000| 248.0000|     1.4000|     0.62000|    17.2500|  2.5120|
|GRB 081126 |    3.22|     0.8000| 315.0000|     1.4000|     0.50000|    17.5900|  2.4000|
|GRB 081127 |    0.43|     2.3000|         |     1.6000|            |    19.5100|        |
|GRB 081128 |    8.03|     1.0000|         |     1.5000|            |    19.4300|  5.0000|
|GRB 081203A|    5.25|     1.1000| 578.0000|     1.4000|     0.50000|    16.1900|  2.0500|
|GRB 081203B|    6.37|     3.0000| 255.0000|     1.4000|     0.50000|    19.1000|        |
|GRB 081204 |    0.32|           |         |     4.3000|            |           |        |
|GRB 081210 |    7.49|     1.0000|         |     1.4000|     0.64000|    19.9900|        |
|GRB 081211A|    3.85|     2.3000|         |     1.5000|     0.70000|    19.3900|        |
|GRB 081211B|    0.52|     3.0000|         |     1.8000|            |    20.2500|        |
|GRB 081221 |    5.13|     0.7000|  83.0000|     1.4000|            |    20.7300|  0.7000|
|GRB 081222 |    7.73|     0.4000| 165.0000|     1.4000|     0.50000|    13.0800|  2.7700|
|GRB 081224 |    0.15|           | 447.0000|           |            |           |        |
|GRB 081226A|    0.57|     2.1000|         |     3.8000|            |    20.4800|        |
|GRB 081226B|    0.22|           | 530.0000|           |            |    20.4800|        |
|GRB 081228 |    3.09|     2.3000|         |     2.2000|            |    17.2700|  3.4400|
|GRB 081230 |    5.69|     1.4000|         |     1.4000|     0.90000|    21.3300|  2.0300|
|GRB 090102 |    6.27|     1.2000| 451.0000|     1.4000|     1.10000|    17.2800|  1.5470|
|GRB 090107A|    0.03|     2.4000|         |           |            |           |        |
|GRB 090107B|    0.24|           | 106.1000|     1.8000|            |    19.3600|        |
|GRB 090111 |    0.57|     1.4000|         |     1.4000|            |    20.3300|        |
|GRB 090113 |    4.04|     1.0000|         |     1.5000|            |    17.3000|  1.7493|
|GRB 090117A|    0.26|           |  25.0000|     2.2000|            |    20.7800|        |
|GRB 090118 |    1.32|     3.7000|         |     3.9000|            |           |        |
|GRB 090123 |    3.69|     1.6000|         |     1.4000|     0.50000|    16.9900|        |
|GRB 090126A|    0.72|           |         |     1.9000|            |    19.5000|        |
|GRB 090129 |    0.03|     0.7000| 123.2000|           |            |           |        |
|GRB 090201 |   10.02|     1.0000| 158.0000|     1.4000|            |    21.4300|        |
|GRB 090205 |    3.43|     2.0000|         |     1.4000|            |    20.5800|  4.6497|
|GRB 090217 |    0.28|           | 534.0000|           |            |           |        |
|GRB 090301A|    0.03|     0.6000| 429.0000|           |            |           |        |
|GRB 090305A|    1.70|     2.3000|         |           |            |    20.7600|        |
|GRB 090306B|    1.02|     2.9000|         |     4.5000|            |    19.5000|        |
|GRB 090307 |    0.17|     3.1000|         |     2.1000|            |    18.2200|        |
|GRB 090308 |    2.88|     2.4000|         |     1.6000|            |    21.8000|        |
|GRB 090309 |    1.84|     2.3000|         |     1.7000|            |           |        |
|GRB 090313 |    8.19|     2.1000|         |     1.5000|            |    19.7800|  3.3736|
|GRB 090323 |   11.91|           | 416.0000|     1.7000|     0.80000|    19.8900|  3.5680|
|GRB 090328A|    3.93|           | 592.0000|     1.7000|     0.60000|    19.6700|  0.7354|
|GRB 090401A|    0.06|     0.7000| 218.0000|           |            |           |        |
|GRB 090401B|    5.69|     0.5000| 409.0000|     1.4000|     0.50000|    15.1200|  3.0000|
|GRB 090404 |   14.17|     0.8000|         |     1.4000|            |    18.6900|        |
|GRB 090407 |   12.69|     2.2000|         |     1.4000|            |    19.2700|  1.4485|
|GRB 090410 |    0.04|     1.7000| 304.0000|           |            |           |        |
|GRB 090417A|    0.03|     2.7000|         |           |            |           |        |
|GRB 090417B|   12.05|     4.3000|         |     1.4000|            |    20.6400|  0.3450|
|GRB 090418A|    2.37|     1.4000| 610.0000|     1.4000|     0.50000|    16.6700|  1.6080|
|GRB 090418B|        |     1.9000| 117.0000|           |            |           |        |
|GRB 090419 |    1.44|     2.0000|         |     1.5000|            |    19.7800|        |
|GRB 090422 |    5.20|     1.9000|         |     1.4000|            |    21.4700|        |
|GRB 090423 |    6.66|     1.1000|  82.0000|     1.4000|            |    19.6700|  8.2300|
|GRB 090424 |   31.02|     0.8000| 177.0000|     1.4000|     0.74000|    14.0600|  0.5440|
|GRB 090426 |    4.93|     1.7000|         |     1.4000|     0.50000|    19.7900|  2.6090|
|GRB 090429A|    8.94|     1.7000|         |     3.1000|            |    17.4900|        |
|GRB 090429B|    4.01|     1.2000|         |     1.5000|            |    20.5600|  9.4000|
|GRB 090509 |    0.07|     2.1000|         |           |            |           |  3.0000|
|GRB 090510 |    2.12|     2.0000|4400.0000|     1.4000|     0.61000|    20.5000|  0.9030|
|GRB 090515 |    0.55|     2.0000|         |     2.9000|            |    19.8700|        |
|GRB 090516 |    6.92|     1.7000| 190.0000|     1.4000|            |    21.2600|  4.1090|
|GRB 090518 |    1.43|     1.4000|         |     1.4000|            |    20.7500|        |
|GRB 090519 |    1.11|     2.0000|         |     1.5000|            |    21.0400|  3.8500|
|GRB 090520 |        |     2.8000|         |           |            |           |        |
|GRB 090529A|    8.56|     1.9000|         |     1.5000|     0.70000|    19.5800|  2.6250|
|GRB 090530 |    6.25|     1.3000|         |     1.4000|     0.50000|    17.2800|  1.2800|
|GRB 090531A|    2.01|     1.1000|         |     3.8000|            |           |        |
|GRB 090531B|    0.97|     1.6000|         |     4.0000|            |    19.4400|        |
|GRB 090607 |    0.39|     1.9000|         |     3.6000|            |    20.9200|        |
|GRB 090618 |   24.08|     0.5000| 155.0000|     1.4000|     0.74000|    14.3100|  0.5400|
|GRB 090621A|    6.93|     1.7000|         |     1.4000|            |    20.2400|        |
|GRB 090621B|    0.49|     1.7000|         |     4.1000|            |    20.7700|        |
|GRB 090625B|    0.47|           | 165.0000|     1.8000|            |    19.1500|        |
|GRB 090628 |    2.49|     1.7000|         |     1.8000|            |    19.2300|        |
|GRB 090702 |    0.15|           |         |     5.5000|            |    19.9900|        |
|GRB 090708 |    0.03|     1.7000|  47.5000|           |            |           |        |
|GRB 090709A|   10.98|     0.6000| 416.0000|     1.4000|            |    20.6500|        |
|GRB 090709B|    0.03|     1.6000| 130.0000|           |            |           |        |
|GRB 090712 |    0.03|     1.6000| 505.0000|           |            |           |        |
|GRB 090715A|    0.08|     2.6000| 588.0000|           |            |           |        |
|GRB 090715B|   14.59|     0.6000| 134.0000|     1.4000|            |    20.9800|  3.0000|
|GRB 090720A|    2.63|     2.6000| 117.5000|     2.8000|            |           |        |
|GRB 090726 |    2.31|     1.6000|         |     1.5000|     0.78000|    19.8400|  2.7100|
|GRB 090727 |   22.10|     2.2000|         |     1.6000|            |    21.6700|        |
|GRB 090728 |    2.18|     2.0000|         |     1.5000|            |    20.9300|        |
|GRB 090807A|    4.33|     1.8000|         |     1.4000|            |    21.2600|        |
|GRB 090809A|    5.33|     2.1000|         |     1.4000|     0.60000|    20.3100|  2.7370|
|GRB 090812 |    2.61|     0.7000| 586.0000|     1.4000|     0.78000|    15.8400|  2.4520|
|GRB 090813 |    8.60|     1.3000| 104.0000|     1.4000|            |    21.1600|        |
|GRB 090814A|    3.90|     2.1000|         |     1.5000|            |    19.9500|  2.2000|
|GRB 090814B|    0.30|           |         |     3.9000|            |           |        |
|GRB 090815C|    0.43|     2.8000|         |           |            |           |        |
|GRB 090817 |    4.18|           | 115.0000|     1.9000|            |    19.6000|        |
|GRB 090823 |    1.68|     4.0000| 188.0000|     4.0000|            |    20.1000|        |
|GRB 090827 |    2.64|     2.4000| 200.0000|     4.4000|            |           |        |
|GRB 090831C|    1.47|     3.1000|         |     1.5000|            |    21.1700|        |
|GRB 090902B|   13.06|           | 798.0000|     2.1000|            |           |  1.8829|
|GRB 090904A|    3.24|     2.5000|         |     1.6000|            |    18.2000|        |
|GRB 090904B|    3.18|     1.2000| 149.3000|     1.4000|            |    18.4800|        |
|GRB 090912 |    0.74|     1.2000|         |     1.4000|            |    19.1400|        |
|GRB 090915 |    0.57|     2.7000|         |     3.4000|     0.80000|    20.5100|        |
|GRB 090916 |    0.74|     2.7000|         |           |            |    19.6600|        |
|GRB 090926A|   14.76|           | 268.0000|     1.4000|     0.50000|    18.4100|  2.1062|
|GRB 090926B|    0.16|     0.8000|  91.0000|     1.4000|            |    19.2400|  1.2400|
|GRB 090927 |    7.26|     1.6000|         |     1.5000|     0.63000|    18.6300|  1.3700|
|GRB 090929A|    0.08|     3.0000| 610.9000|           |            |           |        |
|GRB 090929B|    7.63|     1.4000| 282.0000|     1.4000|            |    18.7600|        |
|GRB 091003 |   12.91|           | 486.2000|     1.5000|     0.80000|    21.0600|  0.8969|
|GRB 091010 |    1.29|           | 150.0000|     1.9000|            |    20.0200|        |
|GRB 091018 |    6.23|     0.6000|  28.0000|     1.4000|     0.61000|    14.0400|  0.9710|
|GRB 091020 |   12.63|     0.8000| 103.0000|     1.4000|     0.50000|    15.1000|  1.7100|
|GRB 091024 |    0.87|     1.0000| 280.0000|     3.6000|            |           |  1.0920|
|GRB 091026 |    0.41|     1.0000|         |     1.5000|            |    20.6400|        |
|GRB 091029 |   16.94|     0.6000|         |     1.4000|     0.55000|    17.4600|  2.7520|
|GRB 091102 |    0.98|     1.2000|         |     2.0000|            |    17.4500|        |
|GRB 091104 |    0.68|     2.7000|         |     1.6000|            |    18.3800|        |
|GRB 091109A|    5.94|     2.1000|         |     1.5000|     0.60000|    20.0100|  3.0760|
|GRB 091109B|    1.70|     1.2000|1330.0000|     2.4000|            |    20.8800|        |
|GRB 091111 |    0.50|           |         |     3.9000|            |    20.5600|        |
|GRB 091112 |    0.08|     1.5000| 750.0000|           |            |           |        |
|GRB 091117A|    2.80|     2.7000| 663.0000|           |            |    19.7500|        |
|GRB 091127 |   41.35|     1.0000|  36.0000|     1.4000|     0.55000|    17.1500|  0.4903|
|GRB 091130B|   12.63|     1.3000|         |     1.4000|            |    21.1500|        |
|GRB 091202 |    0.18|           |         |     3.2000|            |    19.4900|        |
|GRB 091208A|    0.09|     1.2000| 314.0000|           |            |    19.4000|        |
|GRB 091208B|    8.12|     1.2000| 144.2000|     1.4000|     0.60000|    17.3400|  1.0633|
|GRB 091221 |    3.32|     1.3000| 207.0000|     1.7000|     0.60000|    19.5800|        |
|GRB 091230 |    0.13|           |         |     2.1000|            |           |        |
|GRB 100103A|    0.47|           | 157.0000|     1.7000|            |    21.3000|        |
|GRB 100111A|    2.07|     1.2000|         |     1.4000|     0.51000|    17.8500|        |
|GRB 100115A|    0.38|     4.0000|         |     4.1000|            |           |        |
|GRB 100117A|    4.18|     1.7000| 287.0000|     3.6000|            |    20.4300|  0.9150|
|GRB 100119A|    0.07|     1.2000| 377.0000|           |            |           |        |
|GRB 100203A|    0.18|     2.0000|         |           |            |           |        |
|GRB 100205A|    3.02|     2.1000|         |     1.7000|            |    19.0200| 11.0000|
|GRB 100206A|    1.21|     1.5000| 506.0000|     3.3000|            |    20.7800|        |
|GRB 100212A|    1.09|     1.8000| 159.3000|     1.5000|            |    18.7300|        |
|GRB 100213A|    0.41|     1.4000|         |     2.2000|            |    17.2200|        |
|GRB 100213B|    1.83|     1.3000|         |     3.5000|            |    19.6700|  0.6040|
|GRB 100216A|    0.42|     3.0000|         |           |            |           |        |
|GRB 100219A|    3.59|     2.2000|         |     1.4000|            |    19.2600|  4.6667|
|GRB 100302A|   11.44|     1.6000|         |     1.5000|            |    21.0200|  4.8130|
|GRB 100305A|    4.06|     1.9000|         |     1.4000|            |    20.9700|        |
|GRB 100316A|    2.32|     1.7000|         |     2.2000|            |    20.4900|        |
|GRB 100316B|    3.86|     1.4000|         |     1.5000|     0.52000|    18.7900|  1.1800|
|GRB 100316C|    2.09|     1.9000|         |     1.8000|            |    20.4500|  3.5000|
|GRB 100316D|    4.51|     2.8000|         |     3.7000|            |    18.2500|  0.0590|
|GRB 100322B|    1.41|     4.0000|         |           |            |           |        |
|GRB 100324A|        |     2.5000|         |           |            |           |        |
|GRB 100331A|    0.10|           |         |           |            |           |        |
|GRB 100331B|    0.16|           |         |     1.8000|            |           |        |
|GRB 100401A|    0.08|     2.0000| 144.9000|           |            |           |        |
|GRB 100413A|    0.98|     1.5000| 446.0000|     1.4000|            |    19.8600|  3.9000|
|GRB 100413B|    0.67|     2.0000| 547.0000|           |            |           |        |
|GRB 100414A|    1.28|           | 627.6000|     2.0000|            |           |  1.3680|
|GRB 100418A|   17.51|     2.0000|         |     1.8000|     0.67000|    19.6000|  0.6235|
|GRB 100420A|    1.37|     4.6000|         |     1.9000|            |    20.3700|        |
|GRB 100423A|    0.07|     0.7000| 455.0000|           |            |           |        |
|GRB 100424A|    0.23|     1.4000|         |     1.7000|            |    19.1800|        |
|GRB 100425A|    4.16|     2.2000|         |     1.5000|            |    20.3200|  1.7550|
|GRB 100427A|    0.42|     2.5000| 121.0000|           |            |           |        |
|GRB 100504A|    5.39|     0.8000|  85.7000|     1.6000|            |    19.1200|        |
|GRB 100508A|    3.26|     2.0000|         |     1.4000|     0.60000|    19.7000|        |
|GRB 100513A|    4.32|     1.4000|         |     1.4000|            |    20.2900|  4.7720|
|GRB 100514A|    3.86|     2.4000|         |     1.7000|            |    19.8300|        |
|GRB 100518A|    0.10|           |         |     2.2000|            |    20.4900|  4.0000|
|GRB 100522A|    3.20|     1.3000| 138.0000|     1.4000|            |    20.0300|        |
|GRB 100526A|    3.60|     1.8000|         |     1.7000|            |    19.8200|        |
|GRB 100526B|    0.60|     2.2000|         |     4.0000|            |    19.7700|        |
|GRB 100528A|    0.20|           | 316.5000|     1.7000|     0.60000|    19.6200|        |
|GRB 100606A|    0.85|     1.1000| 767.0000|     1.4000|            |    19.8700|        |
|GRB 100614A|    5.53|     1.6000|         |     1.7000|            |    20.6700|        |
|GRB 100615A|    1.25|     0.6000|  85.7000|     1.4000|            |    19.8800|        |
|GRB 100619A|    3.65|     1.0000| 143.2000|     1.4000|            |    20.2000|        |
|GRB 100621A|   11.11|     0.5000|  95.0000|     1.4000|            |    20.9700|  0.5420|
|GRB 100625A|    1.23|     2.2000| 414.0000|     1.8000|            |    19.7700|        |
|GRB 100628A|    3.64|     2.1000|         |     4.1000|            |    20.6600|        |
|GRB 100702A|    0.55|     1.4000|         |     3.6000|            |    20.7400|        |
|GRB 100704A|    8.96|     0.8000| 178.3000|     1.4000|            |    20.0900|  3.6000|
|GRB 100713A|    0.76|           |         |     2.4000|            |    19.6200|        |
|GRB 100719A|    0.03|     2.0000|         |           |            |           |        |
|GRB 100724A|    4.74|     1.7000|         |     1.5000|            |    20.3900|  1.2880|
|GRB 100724B|    0.09|           | 467.8000|           |            |           |        |
|GRB 100725A|    1.58|     1.2000|         |     1.6000|            |    20.1700|        |
|GRB 100725B|    5.16|     1.2000|         |     1.4000|            |    19.5800|        |
|GRB 100727A|    1.43|     1.6000|         |     1.4000|            |    20.1700|        |
|GRB 100728A|    4.03|     0.5000| 353.7000|     1.4000|            |    20.0400|        |
|GRB 100728B|    1.40|     1.5000| 131.0000|     1.5000|     0.52000|    15.9000|  2.1060|
|GRB 100802A|    8.07|     1.1000|         |     1.6000|     0.78000|    21.1300|        |
|GRB 100805A|    3.92|     2.0000|         |     1.4000|     0.43000|    17.4300|  1.3000|
|GRB 100807A|    2.59|     1.9000|         |     1.6000|            |    20.3400|        |
|GRB 100814A|   47.52|     0.5000| 106.4000|     1.4000|     0.60000|    17.4400|  1.4400|
|GRB 100816A|    5.30|     0.8000| 136.7000|     1.4000|     0.50000|    16.4200|  0.8035|
|GRB 100823A|    1.71|     1.4000|         |     1.5000|     0.90000|    20.2300|        |
|GRB 100901A|   11.48|     3.5000|         |     1.4000|     0.60000|    17.2200|  1.4080|
|GRB 100902A|    9.92|     1.3000|         |     1.4000|            |    17.2500|  4.5000|
|GRB 100904A|    0.03|     1.5000|         |           |            |           |        |
|GRB 100905A|    0.74|     1.7000|         |     1.5000|            |    20.2100|        |
|GRB 100906A|    4.33|     0.5000| 106.0000|     1.4000|     0.61000|    14.3900|  1.7270|
|GRB 100909A|    0.13|           |         |     5.4000|            |    17.5000|        |
|GRB 100915A|    0.73|     2.0000|         |     1.6000|            |    20.4600|        |
|GRB 100915B|    0.15|           |  83.4900|           |            |    20.3300|        |
|GRB 100917A|    0.03|     2.1000|         |           |            |           |        |
|GRB 100924A|    0.03|     0.8000|         |           |            |           |        |
|GRB 100928A|    0.03|     2.3000|         |           |            |           |        |
|GRB 101008A|    0.53|     2.1000|         |     2.0000|            |    19.7900|        |
|GRB 101011A|    0.62|     1.2000| 296.6000|     1.5000|     1.10000|    21.0900|        |
|GRB 101017A|    1.28|     0.5000| 600.0000|     1.5000|     0.72000|    19.9800|        |
|GRB 101020A|    0.03|     1.8000|         |           |            |           |        |
|GRB 101023A|    4.28|     1.4000| 277.0000|     1.4000|     0.60000|    20.6500|        |
|GRB 101024A|    1.51|     1.1000|  56.2500|     1.4000|     0.64000|    17.2200|  2.0000|
|GRB 101030A|    0.19|     1.1000|         |     1.5000|            |    19.3000|        |
|GRB 101112A|    0.15|           | 107.0000|     3.7000|            |    21.0800|        |
|GRB 101114A|    0.56|     1.8000| 296.0000|     2.8000|            |    21.2900|        |
|GRB 101117B|    1.16|     1.0000|         |     1.4000|     0.43000|    16.2500|  3.0000|
|GRB 101129A|    0.02|     3.0000|1027.0000|           |            |    19.3300|        |
|GRB 101201A|    0.42|     2.0000| 275.7000|     1.9000|     0.50000|    18.5300|        |
|GRB 101204A|    3.86|           |         |     1.6000|     0.60000|    20.3300|        |
|GRB 101213A|    3.70|     1.1000| 198.0000|     1.4000|            |    20.4000|  0.4140|
|GRB 101219A|    0.12|     1.0000| 490.0000|     1.7000|            |    19.8600|  0.7180|
|GRB 101219B|   10.60|     3.0000|  70.0000|     1.5000|     0.62000|    18.4900|  0.5519|
|GRB 101224A|    0.48|     2.1000| 330.0000|     3.2000|            |    20.0400|        |
|GRB 101225A|    8.11|     3.6000|         |     1.4000|            |    21.4300|  0.8740|
|GRB 110102A|    9.16|     1.8000| 476.6000|     1.4000|     0.50000|    16.2100|  2.5000|
|GRB 110106A|    1.44|     2.1000|         |     1.6000|            |    20.3300|        |
|GRB 110106B|    3.10|     1.2000|         |     1.4000|            |    19.5400|  0.6180|
|GRB 110107A|    0.37|     3.0000|         |     3.0000|            |    21.1100|        |
|GRB 110112A|    2.75|     2.7000|         |     1.6000|            |    20.7600|        |
|GRB 110112B|    0.15|           | 495.0000|           |            |           |        |
|GRB 110119A|    2.60|     1.5000| 126.3000|     1.4000|     0.61000|    16.9500|        |
|GRB 110128A|    7.22|     2.3000|         |     1.6000|     1.30000|    20.1000|  2.3390|
|GRB 110201A|    1.90|     1.3000|         |     3.5000|            |    20.5400|        |
|GRB 110205A|    3.97|     2.2000| 222.0000|     1.4000|     0.63000|    17.4900|  2.2200|
|GRB 110206A|    0.40|           |         |     1.9000|     0.80000|           |        |
|GRB 110207A|    0.33|     1.3000| 450.0000|           |            |           |        |
|GRB 110208A|    1.08|     1.8000|         |     1.5000|            |    20.6100|        |
|GRB 110210A|    3.36|     3.2000|         |     1.4000|            |    19.6700|        |
|GRB 110212A|    0.19|     1.4000|         |           |            |           |        |
|GRB 110213A|    4.47|     1.4000|  98.4000|     1.4000|     0.50000|    17.0800|  1.4600|
|GRB 110213B|    0.35|           | 123.0000|     2.4000|            |    19.2200|  1.0830|
|GRB 110223A|    6.07|     2.5000|         |     2.0000|            |    18.2000|        |
|GRB 110223B|    3.36|     1.8000|         |     1.4000|            |    19.3700|        |
|GRB 110305A|    1.11|     1.8000|         |     1.7000|            |    20.3300|        |
|GRB 110312A|    3.17|     2.2000|         |     1.4000|            |    19.2600|        |
|GRB 110315A|    4.39|     1.0000|         |     1.4000|            |    20.7300|        |
|GRB 110318A|    0.07|     0.9000| 114.7000|           |            |           |        |
|GRB 110318B|    0.39|     1.6000|         |     1.5000|            |    19.8200|        |
|GRB 110319A|    3.08|     0.8000|         |     1.4000|     0.44000|    19.5800|        |
|GRB 110319B|    0.40|     1.0000|         |     2.3000|            |    20.0800|        |
|GRB 110402A|    1.51|     1.7000|1025.0000|     1.5000|            |    19.6200|  1.0000|
|GRB 110407A|    4.30|     1.5000|         |     1.7000|            |    19.7200|        |
|GRB 110411A|    1.56|     0.7000|         |     1.4000|            |    19.6100|        |
|GRB 110412A|    0.39|     1.9000|         |           |            |           |        |
|GRB 110414A|    2.50|     1.9000|         |     1.4000|            |    19.8400|        |
|GRB 110420A|   10.37|     0.8000|  43.0000|     1.4000|     0.50000|    18.5400|  1.6000|
|GRB 110420B|    1.39|     2.2000| 296.8000|           |            |    20.6600|        |
|GRB 110422A|    4.31|     0.7000| 152.0000|     1.4000|            |    18.4200|  1.7700|
|GRB 110426A|    0.44|           |         |           |            |    19.2900|        |
|GRB 110428A|    1.08|           | 184.0000|     2.9000|            |           |        |
|GRB 110503A|    9.72|     1.0000| 219.0000|     1.4000|     0.50000|    16.3000|  1.6130|
|GRB 110519A|    1.60|     0.7000|         |           |            |           |        |
|GRB 110520A|    0.96|     1.1000|         |     1.5000|            |    20.4700|        |
|GRB 110521A|    0.57|     2.2000|         |     1.8000|            |    20.4200|        |
|GRB 110530A|    6.47|     1.9000|         |     1.4000|     0.65000|           |  2.7000|
|GRB 110604A|    4.40|     5.0000| 166.0000|     3.7000|            |    20.1000|        |
|GRB 110608A|    0.15|           |         |           |            |           |        |
|GRB 110610A|    3.80|     0.8000| 189.9000|     1.5000|            |    20.4800|        |
|GRB 110625A|    0.87|     1.3000| 209.0000|     3.5000|            |    18.9200|        |
|GRB 110708A|    0.64|           |         |     2.2000|            |    21.2700|        |
|GRB 110709A|    1.68|     0.5000| 533.0000|     1.4000|            |    20.2100|        |
|GRB 110709B|   12.46|     1.1000| 278.0000|     1.4000|            |    21.2500|        |
|GRB 110715A|    6.13|     0.4000| 120.0000|     1.4000|     0.56000|    15.9100|  0.8200|
|GRB 110719A|    2.65|     1.6000|         |     2.2000|            |    20.8500|        |
|GRB 110721A|    0.15|           | 372.5000|     6.8000|            |    19.7000|        |
|GRB 110726A|    3.46|     1.7000|         |     1.5000|     0.60000|    16.9700|  1.0360|
|GRB 110731A|    8.17|     0.5000| 317.0000|     1.4000|     0.50000|    13.6800|  2.8300|
|GRB 110801A|    6.00|     1.1000| 140.0000|     1.5000|     0.51000|    17.6600|  1.8580|
|GRB 110802A|    0.79|           |         |           |            |           |        |
|GRB 110808A|    7.78|     2.7000|         |     1.7000|     0.64000|    17.8600|  1.3480|
|GRB 110815A|    0.14|           | 251.0000|           |            |           |        |
|GRB 110818A|    4.29|     1.4000| 256.3000|     1.4000|            |    20.7200|  3.3600|
|GRB 110820A|    2.99|     1.8000|         |     1.8000|            |    20.6100|        |
|GRB 110825A|    2.66|           | 248.0000|           |            |    19.3400|        |
|GRB 110827A|    0.03|     2.1000|         |           |            |           |        |
|GRB 110903A|    0.19|           | 301.0000|     1.6000|            |    19.8700|        |
|GRB 110906A|        |           |         |           |            |           |        |
|GRB 110915A|    5.05|     1.2000| 183.0000|     1.4000|            |    19.3800|        |
|GRB 110915B|    4.32|           |         |     1.6000|            |    19.5900|        |
|GRB 110918A|   28.49|           | 150.0000|     1.4000|     0.55000|           |  0.9840|
|GRB 110921A|    5.22|     1.7000|         |     1.4000|            |    19.9500|        |
|GRB 110928A|    0.75|     2.2000|         |     1.8000|            |    20.6700|        |
|GRB 111005A|    1.58|     2.1000|         |           |            |           |        |
|GRB 111008A|   10.62|     1.2000|         |     1.4000|            |    18.8700|  4.9898|
|GRB 111016A|    4.86|     2.2000|         |     1.4000|            |    20.0500|        |
|GRB 111018A|    1.28|     2.0000|         |     2.0000|            |    19.6600|        |
|GRB 111020A|    4.72|     2.1000|         |     1.6000|            |    19.6200|        |
|GRB 111022A|    1.09|     0.9000|         |     3.6000|            |    18.7000|        |
|GRB 111022B|    1.42|     2.0000|         |     1.5000|            |    19.8200|        |
|GRB 111026A|    0.03|     1.8000|         |           |            |           |        |
|GRB 111029A|    2.34|     1.2000|         |     1.9000|            |    20.3900|        |
|GRB 111103A|    1.03|     1.1000| 152.2000|           |            |           |        |
|GRB 111103B|    3.32|     0.5000| 372.0000|     1.4000|            |    19.5000|        |
|GRB 111107A|    3.49|     1.2000| 108.0000|     1.5000|     0.65000|    18.7600|  2.8930|
|GRB 111109A|    2.28|     1.9000|         |     3.8000|            |    19.9400|        |
|GRB 111117A|    1.91|     1.8000| 370.0000|     3.6000|            |    18.9600|        |
|GRB 111121A|    1.92|     1.0000|1780.0000|     1.4000|            |    16.5800|        |
|GRB 111123A|    2.20|     1.1000|         |     1.4000|            |    19.7100|        |
|GRB 111126A|        |     3.0000|         |           |            |           |        |
|GRB 111129A|    3.69|     2.1000|         |     1.4000|     0.54000|    19.4700|        |
|GRB 111201A|    0.18|     2.1000|         |     1.8000|            |           |        |
|GRB 111204A|    0.63|     2.2000|         |     1.9000|            |    20.2400|        |
|GRB 111205A|    0.82|           | 998.0000|     4.3000|            |           |        |
|GRB 111207A|    0.09|           |         |           |            |           |        |
|GRB 111208A|    0.98|     2.2000|         |     1.6000|            |           |        |
|GRB 111209A|   17.26|     0.5000| 310.0000|     1.4000|     0.50000|    17.4200|  0.6770|
|GRB 111210A|    0.24|     1.7000|         |     1.9000|            |    19.3300|        |
|GRB 111211A|    5.57|           |         |     1.4000|     0.50000|           |  0.4780|
|GRB 111212A|    2.20|     1.8000|         |     1.4000|            |    19.9000|        |
|GRB 111215A|   10.09|     3.9000|         |     1.4000|            |    20.1000|        |
|GRB 111215B|    0.23|           | 250.0000|           |            |           |        |
|GRB 111222A|    2.10|           | 725.0000|     2.9000|     0.51000|    18.7600|        |
|GRB 111225A|    5.34|     1.3000|         |     1.6000|     0.67000|    21.0600|        |
|GRB 111228A|   19.98|     1.4000|  34.0000|     1.4000|     0.75000|    17.4200|  0.7163|
|GRB 111229A|    3.30|     2.7000|         |     1.8000|     0.55000|    19.2000|  1.3805|
|GRB 120102A|    2.80|     0.6000| 380.0000|     1.4000|     0.51000|    16.9900|        |
|GRB 120106A|    3.59|     1.3000|         |     1.4000|            |    20.0200|        |
|GRB 120107A|    0.11|           | 196.0000|           |            |           |        |
|GRB 120114A|        |     2.3000|         |           |            |           |        |
|GRB 120116A|    1.21|     0.7000|         |     1.4000|            |    19.2400|        |
|GRB 120118B|    1.00|     1.2000|         |     1.4000|            |    19.0900|        |
|GRB 120119A|    4.36|     0.4000| 189.2000|     1.4000|     0.59000|    18.7300|  1.7280|
|GRB 120121A|    0.57|     1.4000|         |     1.6000|            |    19.8500|        |
|GRB 120202A|    0.36|           |         |     4.8000|            |    19.4500|        |
|GRB 120211A|    1.84|     2.1000|         |     1.6000|            |    20.1500|        |
|GRB 120212A|    3.68|     1.6000|         |     1.4000|     0.53000|    20.2400|        |
|GRB 120213A|    2.91|     0.7000|         |     1.4000|            |    20.7400|        |
|GRB 120215A|    3.96|     2.0000|         |     1.4000|            |    20.1700|        |
|GRB 120218A|    0.04|     1.9000|         |           |            |           |        |
|GRB 120219A|    2.32|     2.2000|         |     1.6000|            |    19.0700|        |
|GRB 120224A|    4.51|     2.4000|         |     1.4000|            |    18.9300|        |
|GRB 120226A|    0.21|           |         |           |            |           |        |
|GRB 120229A|    0.03|     1.9000|         |           |            |           |        |
|GRB 120302A|    1.58|     2.3000|         |     3.2000|     0.60000|           |        |
|GRB 120305A|    1.13|     0.9000|         |     1.9000|            |    19.6900|        |
|GRB 120308A|    2.36|     1.3000|         |     1.4000|     0.55000|    17.4800|  4.0000|
|GRB 120311A|    2.01|     1.2000|         |     1.5000|            |    21.1100|  3.0000|
|GRB 120311B|    0.28|     1.3000|         |     1.4000|            |    20.2500|        |
|GRB 120312A|    0.91|     2.0000|         |     1.6000|            |    20.5100|        |
|GRB 120320A|    3.62|     1.6000|         |     1.7000|            |    19.8700|        |
|GRB 120324A|    1.59|     1.1000|         |     1.4000|            |    21.1100|        |
|GRB 120326A|    6.34|     0.8000|         |     1.4000|     0.50000|    19.5900|  1.7980|
|GRB 120327A|    1.87|     1.1000|         |     1.5000|     0.48000|    17.1500|  2.8130|
|GRB 120328A|    1.52|     1.8000|         |     1.5000|            |    17.9800|        |
|GRB 120401A|    1.39|     2.5000|         |     1.5000|            |    20.4100|        |
|GRB 120403A|    0.03|     2.3000|         |           |            |           |        |
|GRB 120403B|    0.16|     2.4000|         |     2.2000|            |    20.5200|        |
|GRB 120404A|    2.58|     1.2000|         |     1.4000|     0.65000|    18.8400|  2.8760|
|GRB 120419A|    0.10|           |         |     4.5000|            |           |        |
|GRB 120422A|   14.50|     2.0000|         |     1.8000|     1.00000|    20.3000|  0.2830|
|GRB 120426A|    0.07|           |         |           |            |    19.6300|        |
|GRB 120510A|    0.17|           |         |           |            |           |        |
|GRB 120514A|    2.67|     1.1000|         |     1.5000|            |    19.2800|        |
|GRB 120521A|    0.14|     1.7000|         |     1.8000|            |    19.3800|        |
|GRB 120521B|    1.19|     1.6000|         |     1.5000|            |    21.2800|        |
|GRB 120521C|    1.18|     1.0000|         |     1.6000|            |    19.5800|  6.0000|
|GRB 120612A|    1.85|     1.7000|         |     1.5000|            |    20.5700|        |
|GRB 120614A|    0.15|           |         |           |            |           |        |
|GRB 120622A|    0.09|           |         |           |            |           |        |
|GRB 120624B|    1.68|     1.0000|         |     4.3000|            |           |  0.3000|
|GRB 120630A|    0.09|     2.7000|         |     3.9000|            |    19.0500|        |
|GRB 120701A|    0.72|     1.3000|         |     1.8000|            |    16.6200|        |
|GRB 120703A|    5.85|     1.0000|         |     1.4000|     0.52000|    19.4300|        |
|GRB 120709A|    0.92|           |         |           |            |    20.2100|        |
|GRB 120711A|    3.74|           |         |     1.4000|            |    18.1000|  1.4510|
|GRB 120711B|    0.28|     3.2000|         |     1.8000|            |    18.4100|        |
|GRB 120712A|    4.31|     1.0000|         |     1.4000|     0.50000|    14.8000|  4.1745|
|GRB 120714A|    0.61|     1.6000|         |     1.6000|            |    20.9300|        |
|GRB 120714B|    1.87|     2.6000|         |     4.5000|     0.58000|    17.0100|  0.3984|
|GRB 120716A|    0.07|           |         |     3.4000|            |           |  2.4860|
|GRB 120722A|    0.55|     3.4000|         |     1.7000|            |    20.3600|  0.9586|
|GRB 120724A|    0.34|     2.1000|         |     2.2000|     0.77000|    20.3500|  1.4800|
|GRB 120728A|    0.30|     1.4000|         |     1.6000|            |    20.3900|        |
|GRB 120729A|    1.96|     1.0000|         |     1.4000|     0.50000|    14.4500|  0.8000|
|GRB 120802A|    0.22|     1.1000|         |     1.4000|            |    20.1300|  3.7960|
|GRB 120803A|    1.01|     2.5000|         |     4.0000|            |    16.9200|        |
|GRB 120803B|    0.22|     1.0000|         |     1.7000|            |    20.4100|        |
|GRB 120804A|    4.91|     1.0000|         |     1.4000|            |    20.0300|        |
|GRB 120805A|    0.45|     2.2000|         |     2.7000|            |    20.1500|        |
|GRB 120807A|    1.32|     2.1000|         |     1.8000|            |    19.0000|        |
|GRB 120811A|    1.05|     2.6000|         |     2.8000|            |    19.0700|        |
|GRB 120811C|    0.96|     1.0000|         |     1.4000|     0.52000|    18.4700|  2.6710|
|GRB 120815A|    0.61|     1.8000|         |     1.4000|     0.60000|    17.4000|  2.3580|
|GRB 120816A|    0.16|     2.5000|         |     1.6000|     0.60000|    16.9900|        |
|GRB 120817A|    0.28|     1.5000|         |     1.8000|            |    19.9400|        |
|GRB 120817B|    0.10|     2.8000|         |           |            |           |        |
|GRB 120819A|    0.28|     2.9000|         |     1.7000|            |    20.2300|  3.0000|
|GRB 120821A|    0.03|           |         |           |            |           |        |
|GRB 120830A|    0.49|           |         |     8.0000|            |           |        |
|GRB 120907A|    3.12|     2.0000|         |     1.4000|     0.52000|    20.8400|  0.9700|
|GRB 120908A|    0.16|           |         |           |            |           |        |
|GRB 120909A|    1.42|     1.2000|         |     1.4000|            |    20.3100|  3.9300|
|GRB 120911A|    0.27|     1.6000|         |     1.6000|            |    20.9300|        |
|GRB 120913A|    0.03|     1.2000|         |           |            |           |        |
|GRB 120913B|    0.09|     1.0000|         |           |            |           |        |
|GRB 120918A|    0.03|     1.1000|         |           |            |           |        |
|GRB 120919A|        |           |         |           |            |           |        |
|GRB 120922A|    1.56|     1.2000|         |     1.4000|     0.65000|    19.3400|  3.1000|
|GRB 120923A|    2.76|     2.1000|         |     1.9000|            |    18.9900|  8.0000|
|GRB 120927A|    1.18|     1.0000|         |     1.4000|            |    18.9800|        |
|GRB 121001A|    0.65|     2.4000|         |     1.8000|            |    19.4100|        |
|GRB 121011A|    0.47|     1.8000|         |     1.6000|     0.52000|    17.4900|        |
|GRB 121014A|    1.31|     2.0000|         |           |            |           |        |
|GRB 121017A|    0.03|     1.5000|         |     1.4000|            |    17.9500|        |
|GRB 121024A|    0.85|     1.7000|         |     1.4000|     0.78000|    16.6300|  2.2980|
|GRB 121025A|    4.60|           |         |     3.8000|            |           |        |
|GRB 121027A|   14.27|     1.0000|         |     1.4000|            |    19.0700|  1.7730|
|GRB 121028A|    0.63|     1.5000|         |     1.7000|            |    19.3800|        |
|GRB 121031A|    0.68|     1.0000|         |     1.4000|            |    19.5600|        |
|GRB 121102A|    0.45|     1.0000|         |     1.4000|            |    20.1500|        |
|GRB 121108A|    3.77|     2.2000|         |     1.5000|            |    19.1100|        |
|GRB 121117A|    1.28|     1.1000|         |     1.7000|     0.60000|    20.2600|        |
|GRB 121123A|    1.27|     1.8000|         |     1.4000|     0.44000|    19.0700|  2.7000|
|GRB 121125A|    1.19|     1.2000|         |     1.4000|     0.50000|    17.2200|        |
|GRB 121128A|    1.64|     1.0000|         |     1.4000|     0.50000|    14.8900|  2.2000|
|GRB 121201A|    0.57|     2.3000|         |     1.4000|     0.62000|    20.9000|  3.3850|
|GRB 121202A|    1.85|     1.2000|         |     1.4000|            |    20.1800|        |
|GRB 121209A|    0.75|     1.7000|         |     1.4000|            |    20.4200|  1.7000|
|GRB 121211A|    2.68|     4.9000|         |     1.4000|     0.52000|    17.1000|  1.0230|
|GRB 121212A|    1.32|     2.1000|         |     1.4000|     0.62000|    20.4400|  2.0000|
|GRB 121217A|    7.17|     1.0000|         |     1.4000|     0.60000|    20.0400|  3.0000|
|GRB 121226A|    0.83|     2.0000|         |     2.1000|            |    20.4000|        |
|GRB 121229A|    1.21|     2.8000|         |     1.7000|            |    18.4600|  2.7070|
