GRB, theta (deg), 68 90 95% resolution (deg), E_peak (Gev), T_delay (s), z
080825C 60.3  0.77 1.24 1.55  0.57   28.29 0.
080916C 48.4  0.07 0.10 0.12 13.22   16.54 4.35
081006  11.0  0.51 0.76 0.89  0.79   12.08 0.
081024B 18.7  0.29 0.46 0.56  3.07    0.49 0.
090217  34.5  0.35 0.51 0.59  1.23  179.08 0.
090323  57.2  0.10 0.16 0.20  7.50  195.42 3.57
090328  64.6  0.13 0.17 0.19  5.32  697.80 0.74
090510  13.6  0.04 0.06 0.07 31.31    0.83 0.90
090626  18.3  0.23 0.32 0.37  2.09  111.63 0.
090720B 56.1  0.33 0.53 0.65  1.45    0.22 0.
090902B 50.8  0.04 0.05 0.06 33.39   81.75 1.82
090926A 48.1  0.04 0.07 0.08 19.56   24.83 2.11
091003  12.3  0.15 0.22 0.25  2.83    6.47 0.90
091031  23.9  0.24 0.35 0.41  1.19   79.75 0.
091208B 55.6  0.88 1.47 1.76  1.18    3.41 1.06
100116A 26.6  0.17 0.25 0.29 13.12  296.43 0.
100325A  7.1  0.60 0.86 1.00  0.84    0.35 0.
100414A 69.0  0.12 0.18 0.22  4.72  288.26 1.37
100620A 24.3  0.71 1.08 1.28  0.27    3.77 0.
100724B 48.9  1.03 1.56 1.81  0.22   61.75 0.
100728A 59.9  0.10 0.19 0.23 13.54 5461.08 0.
110120A 13.6  0.35 0.53 0.62  1.82   72.46 0.
110428A 34.6  0.16 0.23 0.27  2.62   14.79 0.
110625A 87.9  0.27 0.42 0.51  2.42  272.44 0.
110709A 53.4  1.51 2.37 2.99  0.42   41.75 0.
110721A 40.7  0.53 0.80 0.93  1.73    0.74 0.
110731A  3.4  0.19 0.27 0.31  3.39  435.96 2.83
