Results from heasarc_fermilgrb: Fermi LAT Second Gamma-Ray Burst Catalog
Coordinate system:  Equatorial
|name        |error_radius|redshift|theta   |zenith  |like_lat_eiso_rf|like_gbm_eiso_rf|gbm_cat_t90|
|GRB080818945|      0.4700|        | 56.4285| 75.0427|     0.00000e+00|     0.00000e+00|     13.376|
|GRB080825593|      0.6500|        | 60.2230| 26.2922|     0.00000e+00|     0.00000e+00|     20.992|
|GRB080916009|      0.0700| 4.35000| 49.0003| 83.8106|     2.32602e+54|     1.72802e+54|     62.977|
|GRB081006604|      0.3800|        | 10.7724| 40.2945|     0.00000e+00|     0.00000e+00|      6.400|
|GRB081009140|      0.2800|        | 69.6361| 55.3543|     0.00000e+00|     0.00000e+00|     41.345|
|GRB081024891|      0.3100|        | 19.1504| 30.6101|     0.00000e+00|     0.00000e+00|      0.640|
|GRB081102365|      0.5800|        | 48.1563| 47.6361|     0.00000e+00|     0.00000e+00|      1.728|
|GRB081122520|      0.2700|        | 21.5135| 25.8591|     0.00000e+00|     0.00000e+00|     23.296|
|GRB081203581|      0.3900| 2.10000| 78.0198|106.1336|     3.46542e+51|     2.95280e+51|    214.000|
|GRB081224887|      0.3300|        | 15.3899| 49.2295|     0.00000e+00|     0.00000e+00|     16.448|
|GRB090102122|      0.6500| 1.54700| 85.4724| 78.6658|     2.75857e+51|     0.00000e+00|     26.624|
|GRB090217206|      0.4600|        | 33.6888| 46.2258|     0.00000e+00|     0.00000e+00|     33.280|
|GRB090227310|      0.3400|        | 21.6036| 45.3589|     0.00000e+00|     0.00000e+00|     16.189|
|GRB090227772|      1.8000|        | 72.6520| 86.5546|     0.00000e+00|     0.00000e+00|      0.304|
|GRB090228204|      0.2100|        | 23.8033| 56.6437|     0.00000e+00|     0.00000e+00|      0.448|
|GRB090323002|      0.0900| 3.57000| 56.4980| 66.1598|     1.22457e+54|     3.40487e+53|    133.890|
|GRB090328401|      0.1200| 0.73600| 65.7025| 72.4123|     2.67593e+52|     6.77498e+51|     61.697|
|GRB090427977|      0.1100|        |133.9938|135.3593|     0.00000e+00|     0.00000e+00|     15.000|
|GRB090510016|      0.0500| 0.90300| 13.4907| 52.2710|     5.81881e+52|     1.68350e+52|      0.960|
|GRB090531775|      0.0000|        | 21.9282| 49.1757|     0.00000e+00|     0.00000e+00|      0.768|
|GRB090626189|      0.2900|        | 22.5990| 10.4193|     0.00000e+00|     0.00000e+00|     48.897|
|GRB090720710|      0.9900|        | 56.3287| 94.2056|     0.00000e+00|     0.00000e+00|     10.752|
|GRB090902462|      0.0400| 1.82200| 50.2749| 37.5941|     4.68530e+53|     3.74495e+53|     19.328|
|GRB090926181|      0.0600| 2.10600| 48.0314| 80.4453|     1.48814e+54|     5.27809e+53|     13.760|
|GRB091003191|      0.1000| 0.89700| 12.1659| 62.1292|     8.35738e+51|     1.58547e+51|     20.224|
|GRB091031500|      0.2300|        | 24.5735| 39.4233|     0.00000e+00|     0.00000e+00|     33.921|
|GRB091120191|      0.1800|        | 48.0699| 25.7285|     0.00000e+00|     0.00000e+00|     50.177|
|GRB091127976|      0.3100| 0.49000| 25.8136| 54.5483|     2.98845e+50|     3.21871e+50|      8.701|
|GRB100116897|      0.0600|        | 25.8527| 36.3263|     0.00000e+00|     0.00000e+00|    102.530|
|GRB100213531|      0.0600|        |146.4429|147.2134|     0.00000e+00|     0.00000e+00|     60.000|
|GRB100225115|      0.3400|        | 56.9620| 83.6871|     0.00000e+00|     0.00000e+00|     12.992|
|GRB100325275|      0.8700|        |  7.8462| 52.8511|     0.00000e+00|     0.00000e+00|      7.104|
|GRB100414097|      0.0900| 1.36800| 69.5812| 29.0499|     7.01698e+52|     2.07293e+52|     26.496|
|GRB100423244|      0.1900|        | 47.8749| 32.8447|     0.00000e+00|     0.00000e+00|     16.512|
|GRB100511035|      0.0700|        | 47.9719| 26.2316|     0.00000e+00|     0.00000e+00|     42.433|
|GRB100620119|      1.2400|        | 25.2451| 73.3437|     0.00000e+00|     0.00000e+00|     51.841|
|GRB100724029|      0.1000|        | 49.9812| 96.2402|     0.00000e+00|     0.00000e+00|    114.690|
|GRB100728095|      0.1800| 1.56700| 60.5408| 36.9292|     9.07076e+51|     4.40438e+51|    165.378|
|GRB100826957|      1.1300|        | 72.9508| 85.0793|     0.00000e+00|     0.00000e+00|     84.993|
|GRB101014175|      0.0900|        | 55.0297|102.5554|     0.00000e+00|     0.00000e+00|    449.415|
|GRB101107011|      0.2000|        | 36.6095| 28.3643|     0.00000e+00|     0.00000e+00|    375.814|
|GRB101123952|      1.0000|        | 77.4140| 97.7702|     0.00000e+00|     0.00000e+00|    103.938|
|GRB101227406|      0.3200|        | 13.6638| 37.2624|     0.00000e+00|     0.00000e+00|    153.347|
|GRB110120666|      0.2000|        | 14.6458| 31.4977|     0.00000e+00|     0.00000e+00|     26.173|
|GRB110123804|      0.2200|        | 55.3666| 91.9483|     0.00000e+00|     0.00000e+00|     17.856|
|GRB110213220|      0.2200| 1.46000| 98.5894| 53.1952|     3.54432e+51|     0.00000e+00|     34.305|
|GRB110328520|      0.1600|        | 35.9984| 43.2576|     0.00000e+00|     0.00000e+00|     83.970|
|GRB110428388|      0.1800|        | 34.5594| 84.3480|     0.00000e+00|     0.00000e+00|      5.632|
|GRB110518860|      0.1900|        |165.9076|124.1270|     0.00000e+00|     0.00000e+00|     35.000|
|GRB110529034|      1.5000|        | 29.9601| 79.9138|     0.00000e+00|     0.00000e+00|      0.512|
|GRB110625881|      0.1300|        | 87.9482| 51.4461|     0.00000e+00|     0.00000e+00|     26.880|
|GRB110721200|      0.1200|        | 40.2270| 82.8881|     0.00000e+00|     0.00000e+00|     21.822|
|GRB110728056|      0.6200|        | 41.6803| 16.8110|     0.00000e+00|     0.00000e+00|      0.704|
|GRB110731465|      0.2400| 2.83000|  2.8752| 50.7296|     1.45626e+53|     1.22929e+53|      7.485|
|GRB110903111|      0.0700|        | 44.2750| 93.8597|     0.00000e+00|     0.00000e+00|    341.254|
|GRB110921912|      0.3900|        | 33.9401| 21.1935|     0.00000e+00|     0.00000e+00|     17.664|
|GRB111210359|      0.8200|        | 28.3055| 24.0700|     0.00000e+00|     0.00000e+00|     60.000|
|GRB120107384|      0.3400|        | 46.7623| 96.6798|     0.00000e+00|     0.00000e+00|     23.040|
|GRB120226871|      0.6800|        | 37.1119| 42.1756|     0.00000e+00|     0.00000e+00|     52.993|
|GRB120316008|      0.3100|        |  9.8853| 48.7332|     0.00000e+00|     0.00000e+00|     26.624|
|GRB120328268|      1.0000|        | 68.4589|106.5998|     0.00000e+00|     0.00000e+00|     29.696|
|GRB120420858|      0.2900|        |109.7107| 76.7650|     0.00000e+00|     0.00000e+00|    254.913|
|GRB120526303|      0.1100|        |109.6846| 62.9318|     0.00000e+00|     0.00000e+00|     43.649|
|GRB120624933|      0.2100| 2.20000| 68.2416| 26.6314|     2.17940e+53|     2.04424e+52|    271.364|
|GRB120709883|      0.4000|        | 27.7871| 40.4568|     0.00000e+00|     0.00000e+00|     27.328|
|GRB120711115|      0.1300| 1.40500|134.5165| 84.9684|     9.85052e+52|     0.00000e+00|     44.033|
|GRB120729456|      0.3800| 0.80000| 82.6419| 32.6788|     2.97225e+51|     0.00000e+00|     25.472|
|GRB120830297|      0.6200|        | 38.7316| 75.3340|     0.00000e+00|     0.00000e+00|      0.896|
|GRB120911268|      0.6000|        | 66.1291| 22.2163|     0.00000e+00|     0.00000e+00|     69.000|
|GRB120915000|      1.7600|        | 10.8123| 59.2287|     0.00000e+00|     0.00000e+00|      0.576|
|GRB120919052|      0.1400|        | 22.9300| 65.9063|     0.00000e+00|     0.00000e+00|    118.018|
|GRB121011469|      0.0100|        | 55.8862| 84.7977|     0.00000e+00|     0.00000e+00|     65.793|
|GRB121029350|      0.2100|        | 61.1979| 42.0463|     0.00000e+00|     0.00000e+00|     15.808|
|GRB121123442|      0.5000|        | 78.8018| 76.4233|     0.00000e+00|     0.00000e+00|     42.497|
|GRB121225417|      1.5000|        | 64.2509| 90.7313|     0.00000e+00|     0.00000e+00|     58.497|
|GRB130305486|      0.0600|        | 41.5043| 99.6014|     0.00000e+00|     0.00000e+00|     25.600|
|GRB130310840|      0.4700|        | 75.6174| 49.7983|     0.00000e+00|     0.00000e+00|     16.000|
|GRB130325203|      0.1800|        | 47.2896| 76.1103|     0.00000e+00|     0.00000e+00|      6.912|
|GRB130327350|      0.2100|        | 46.2562| 86.2414|     0.00000e+00|     0.00000e+00|     31.232|
|GRB130427324|      0.0400| 0.34000| 46.4233| 62.8200|     8.62316e+52|     1.74901e+52|    138.242|
|GRB130502327|      0.3200|        | 46.4341| 96.4185|     0.00000e+00|     0.00000e+00|     24.320|
|GRB130504978|      0.1200|        | 47.6034| 52.3386|     0.00000e+00|     0.00000e+00|     73.217|
|GRB130518580|      0.1900| 2.49000| 40.3493| 82.4282|     1.49754e+53|     6.67000e+52|     48.577|
|GRB130606497|      0.1100|        | 90.5414| 10.9012|     0.00000e+00|     0.00000e+00|     52.225|
|GRB130702004|      0.6200| 0.14500| 76.7118| 78.8894|     7.94309e+49|     0.00000e+00|     58.881|
|GRB130821674|      0.1800|        | 34.8511| 49.1887|     0.00000e+00|     0.00000e+00|     87.041|
|GRB130828306|      0.2900|        | 39.8927| 45.5196|     0.00000e+00|     0.00000e+00|    136.962|
|GRB130907904|      0.2600| 1.23800|105.4169| 57.1597|     2.21817e+51|     0.00000e+00|    210.000|
|GRB131014215|      0.8100|        | 72.5010| 76.0067|     0.00000e+00|     0.00000e+00|      3.200|
|GRB131029973|      0.1800|        | 59.8236| 94.0796|     0.00000e+00|     0.00000e+00|    104.449|
|GRB131108862|      0.2200| 2.40000| 20.4097| 21.8601|     3.67885e+53|     2.42256e+53|     18.176|
|GRB131209547|      1.1600|        | 19.7944| 53.5509|     0.00000e+00|     0.00000e+00|     13.568|
|GRB131216081|      2.2400|        | 44.5659| 77.2043|     0.00000e+00|     0.00000e+00|     19.262|
|GRB131231198|      0.0500| 0.64200| 37.2353| 39.9097|     1.63155e+52|     6.96324e+50|     31.232|
|GRB140102887|      0.2400|        | 47.1566| 44.6674|     0.00000e+00|     0.00000e+00|      3.648|
|GRB140104731|      0.1800|        | 17.6021| 36.4636|     0.00000e+00|     0.00000e+00|    187.137|
|GRB140110263|      0.2500|        | 36.1006| 64.6367|     0.00000e+00|     0.00000e+00|      9.472|
|GRB140124527|      0.3300|        | 19.3729| 65.6419|     0.00000e+00|     0.00000e+00|    121.538|
|GRB140206275|      0.0800|        | 46.2470| 85.9825|     0.00000e+00|     0.00000e+00|    146.690|
|GRB140219824|      0.8500|        | 96.2478|113.4333|     0.00000e+00|     0.00000e+00|     77.056|
|GRB140323433|      0.1800|        | 30.3002| 68.4066|     0.00000e+00|     0.00000e+00|    111.426|
|GRB140402007|      0.1600|        | 13.6688| 45.9661|     0.00000e+00|     0.00000e+00|      0.320|
|GRB140416060|      0.1000|        |138.7697| 94.8281|     0.00000e+00|     0.00000e+00|     31.744|
|GRB140523129|      0.3800|        | 55.4294| 26.4490|     0.00000e+00|     0.00000e+00|     19.200|
|GRB140528837|      0.3600|        | 46.2232| 66.3106|     0.00000e+00|     0.00000e+00|     13.568|
|GRB140619475|      0.2000|        | 38.8513| 25.8183|     0.00000e+00|     0.00000e+00|      2.816|
|GRB140723067|      0.5100|        | 54.4040| 38.6236|     0.00000e+00|     0.00000e+00|     56.320|
|GRB140729026|      0.2600|        | 26.4644| 40.8605|     0.00000e+00|     0.00000e+00|     55.553|
|GRB140810782|      0.0700|        |123.4854| 89.2914|     0.00000e+00|     0.00000e+00|     81.665|
|GRB140825288|      0.5700|        |113.3682|111.9633|     0.00000e+00|     0.00000e+00|     14.000|
|GRB140928437|      0.1000|        |110.0454|111.3008|     0.00000e+00|     0.00000e+00|     17.920|
|GRB141012773|      0.2700|        | 47.2230| 94.6922|     0.00000e+00|     0.00000e+00|     37.633|
|GRB141028455|      0.2700| 2.33200| 36.4301| 48.0918|     9.17608e+52|     6.98226e+52|     31.489|
|GRB141102536|      0.6800|        | 52.3349| 53.4650|     0.00000e+00|     0.00000e+00|      2.624|
|GRB141113346|      0.7100|        | 53.6709| 86.4441|     0.00000e+00|     0.00000e+00|      0.448|
|GRB141207800|      0.2000|        | 61.1366| 36.7668|     0.00000e+00|     0.00000e+00|     20.992|
|GRB141221897|      0.3300|        | 38.7153| 84.3344|     0.00000e+00|     0.00000e+00|     32.513|
|GRB141222298|      0.0800|        | 45.8852| 93.4996|     0.00000e+00|     0.00000e+00|      2.752|
|GRB150118409|      0.5600|        | 65.2622| 91.7388|     0.00000e+00|     0.00000e+00|     40.193|
|GRB150202999|      0.3300|        | 17.2274| 66.8987|     0.00000e+00|     0.00000e+00|    167.427|
|GRB150210935|      0.4300|        | 53.7113| 10.0348|     0.00000e+00|     0.00000e+00|     31.294|
|GRB150314205|      0.7200| 1.75800| 45.1127| 91.9260|     1.83390e+52|     0.00000e+00|     10.688|
|GRB150403913|      0.2300| 2.06000| 55.3440|105.1180|     1.06540e+52|     0.00000e+00|     22.272|
|GRB150416773|      1.9300|        | 68.6177| 90.7186|     0.00000e+00|     0.00000e+00|     33.280|
|GRB150510139|      0.3300|        | 56.1898| 11.4394|     0.00000e+00|     0.00000e+00|     51.904|
|GRB150513856|      0.0400|        | 51.7696| 16.5438|     0.00000e+00|     0.00000e+00|    158.978|
|GRB150514774|      0.1500| 0.80700| 39.2329| 59.1018|     6.04534e+50|     6.92122e+50|     10.813|
|GRB150523396|      0.0800|        | 24.7902| 54.7430|     0.00000e+00|     0.00000e+00|     82.433|
|GRB150627183|      0.0600|        | 74.7185| 97.8610|     0.00000e+00|     0.00000e+00|     64.577|
|GRB150702998|      0.5400|        |117.4940| 88.1307|     0.00000e+00|     0.00000e+00|     45.825|
|GRB150820880|     15.3000|        | 22.9819| 66.5613|     0.00000e+00|     0.00000e+00|      5.888|
|GRB150902733|      0.1800|        | 37.2673| 87.0941|     0.00000e+00|     0.00000e+00|     13.568|
|GRB151006413|      0.0010|        | 30.6458| 80.4874|     0.00000e+00|     0.00000e+00|     93.440|
|GRB160101215|      1.3700|        |  8.9980| 58.9980|     0.00000e+00|     0.00000e+00|     22.013|
|GRB160310016|      0.0600|        | 62.7916| 29.9381|     0.00000e+00|     0.00000e+00|     25.856|
|GRB160314929|      0.7900|        | 60.7196|110.4926|     0.00000e+00|     0.00000e+00|     98.562|
|GRB160325291|      0.2400|        |  7.2372| 55.5250|     0.00000e+00|     0.00000e+00|     42.945|
|GRB160422499|      0.1000|        | 53.5374|102.3662|     0.00000e+00|     0.00000e+00|     12.288|
|GRB160503567|      0.8800|        | 25.1056| 33.9034|     0.00000e+00|     0.00000e+00|     28.672|
|GRB160509374|      0.3000| 1.17000| 33.1083| 67.7610|     1.02318e+53|     5.17004e+52|    369.670|
|GRB160521385|      0.1300|        | 46.9584| 94.5121|     0.00000e+00|     0.00000e+00|      2.816|
|GRB160623209|      0.0900| 0.36700| 83.9297|112.1723|     2.39249e+52|     0.00000e+00|    107.776|
|GRB160625945|      0.0700| 1.40600| 41.2290| 40.0952|     1.72930e+53|     1.49999e+53|    453.385|
|GRB160702516|      0.2100|        | 71.9760| 59.1714|     0.00000e+00|     0.00000e+00|      0.200|
|GRB160709826|      0.2700|        | 47.5949| 82.2450|     0.00000e+00|     0.00000e+00|      5.440|
|GRB160816730|      0.2300|        | 33.4331| 18.3457|     0.00000e+00|     0.00000e+00|     11.072|
|GRB160821857|      0.1200|        | 18.9958| 66.8925|     0.00000e+00|     0.00000e+00|     43.009|
|GRB160829334|      0.1000|        | 14.5331| 56.8636|     0.00000e+00|     0.00000e+00|      0.512|
|GRB160905471|      0.1000|        | 17.0507| 57.5271|     0.00000e+00|     0.00000e+00|     33.537|
|GRB160910722|      0.5900|        | 71.3642| 79.0465|     0.00000e+00|     0.00000e+00|     24.320|
|GRB160917456|      3.7300|        | 52.3193| 29.9252|     0.00000e+00|     0.00000e+00|     14.592|
|GRB160917479|      0.0100|        | 46.1434| 89.6863|     0.00000e+00|     0.00000e+00|     19.456|
|GRB161015710|      0.4200|        | 46.0694| 32.9211|     0.00000e+00|     0.00000e+00|     15.104|
|GRB161109263|      0.3900|        | 77.8826|112.4844|     0.00000e+00|     0.00000e+00|     23.552|
|GRB170115743|      0.7400|        | 36.0103| 42.4867|     0.00000e+00|     0.00000e+00|     44.288|
|GRB170127067|      0.5200|        |142.2202| 92.2346|     0.00000e+00|     0.00000e+00|      0.128|
|GRB170214649|      0.0800| 2.53000| 33.1849| 21.9115|     5.27225e+53|     3.19904e+53|    122.882|
|GRB170228794|      2.0200|        | 65.1176| 31.9533|     0.00000e+00|     0.00000e+00|     60.673|
|GRB170306588|      0.7100|        | 54.4082| 64.8871|     0.00000e+00|     0.00000e+00|     18.944|
|GRB170329387|      0.6000|        | 46.2101| 11.9686|     0.00000e+00|     0.00000e+00|     33.536|
|GRB170405777|      0.5500| 3.51000| 52.0270| 60.5366|     1.61476e+53|     3.36207e+54|     78.593|
|GRB170409112|      0.1000|        | 85.8729| 66.6108|     0.00000e+00|     0.00000e+00|     64.001|
|GRB170424425|      0.6900|        | 57.3780| 76.6155|     0.00000e+00|     0.00000e+00|     53.249|
|GRB170510217|      0.4900|        | 66.3912| 23.4709|     0.00000e+00|     0.00000e+00|    127.746|
|GRB170522657|      0.2300|        | 49.4184| 74.5469|     0.00000e+00|     0.00000e+00|      7.424|
|GRB170728961|      1.0100|        | 31.4994| 68.1481|     0.00000e+00|     0.00000e+00|     46.336|
|GRB170808936|      0.7100|        | 64.8486| 17.4545|     0.00000e+00|     0.00000e+00|     17.664|
|GRB170813051|      0.7500|        | 41.1116| 22.5906|     0.00000e+00|     0.00000e+00|    111.872|
|GRB170825307|      1.0200|        | 50.4679| 79.4937|     0.00000e+00|     0.00000e+00|      6.656|
|GRB170906030|      0.1000|        | 89.1100| 89.0556|     0.00000e+00|     0.00000e+00|     78.849|
|GRB170921168|      0.2600|        |104.6085| 78.1572|     0.00000e+00|     0.00000e+00|     39.361|
|GRB171010792|      0.1000| 0.33000|114.6885| 94.0831|     2.14941e+51|     0.00000e+00|    107.266|
|GRB171011810|      0.8200|        | 43.2113| 52.7372|     0.00000e+00|     0.00000e+00|      0.480|
|GRB171102107|      0.8200|        | 45.3952| 64.7506|     0.00000e+00|     0.00000e+00|     48.385|
|GRB171120556|      0.2000|        | 25.0234| 12.9609|     0.00000e+00|     0.00000e+00|     44.062|
|GRB171124235|      0.2000|        | 19.2201| 44.4515|     0.00000e+00|     0.00000e+00|     26.176|
|GRB171210493|      0.3200|        | 51.0937|  3.5167|     0.00000e+00|     0.00000e+00|    143.107|
|GRB171212434|      0.4300|        | 11.4614| 61.4512|     0.00000e+00|     0.00000e+00|     32.001|
|GRB180113418|      1.0000|        | 62.6429|108.8888|     0.00000e+00|     0.00000e+00|     24.576|
|GRB180210517|      0.1200|        | 34.1544| 19.9519|     0.00000e+00|     0.00000e+00|     38.913|
|GRB180305393|      0.1100|        | 74.9439| 89.7318|     0.00000e+00|     0.00000e+00|     13.056|
|GRB180526461|      0.2700|        | 82.1820|109.6541|     0.00000e+00|     0.00000e+00|     87.000|
|GRB180703876|      0.3300|        | 44.0473| 93.9954|     0.00000e+00|     0.00000e+00|     20.736|
|GRB180703949|      0.4400|        | 32.2084| 44.3668|     0.00000e+00|     0.00000e+00|      1.536|
|GRB180718763|      0.9500|        | 46.4544| 43.0937|     0.00000e+00|     0.00000e+00|     98.306|
|GRB180720598|      0.1100| 0.65400| 49.1315|  7.0015|     2.22680e+52|     3.87991e+51|     48.897|
|GRB180914522|      0.3360|        | 86.7528|109.0354|     0.00000e+00|     0.00000e+00|    122.370|
|GRB181020792|      0.5500| 2.93800| 50.3087| 97.1809|     5.88315e+51|     0.00000e+00|     15.104|
|GRB181028590|      0.3060|        | 57.9804| 34.2990|     0.00000e+00|     0.00000e+00|     29.697|
|GRB181120265|      0.7110|        | 71.5091| 82.8728|     0.00000e+00|     0.00000e+00|     17.374|
|GRB181225489|      0.0880|        | 44.3444| 30.7108|     0.00000e+00|     0.00000e+00|     41.473|
|GRB181231144|      0.1670|        | 51.3990| 47.1126|     0.00000e+00|     0.00000e+00|     36.865|
|GRB190114873|      0.3000| 0.42000| 67.4598| 91.0257|     4.68640e+52|     1.58676e+53|    116.354|
|GRB190122305|      0.9100|        | 25.0016| 74.5286|     0.00000e+00|     0.00000e+00|     54.016|
|GRB190511302|      0.1730|        | 23.7803| 26.6177|     0.00000e+00|     0.00000e+00|     27.648|
|GRB190515190|      0.9500|        | 44.6744| 64.0642|     0.00000e+00|     0.00000e+00|      1.264|
|GRB190530430|      0.2500|        | 60.0449|104.3877|     0.00000e+00|     0.00000e+00|     18.432|
|GRB190531840|      0.1000|        | 26.3288| 41.9583|     0.00000e+00|     0.00000e+00|     38.145|
|GRB190606080|      0.4700|        | 72.4808| 32.0924|     0.00000e+00|     0.00000e+00|      0.224|
|GRB190727846|      0.2800|        | 45.7713| 26.4663|     0.00000e+00|     0.00000e+00|     35.073|
|GRB190731943|      0.3100|        | 40.7605| 78.4840|     0.00000e+00|     0.00000e+00|     15.872|
|GRB191202867|      0.2500|        | 11.5650| 40.3696|     0.00000e+00|     0.00000e+00|     30.721|
|GRB200219317|      0.2900|        | 47.8789| 90.4604|     0.00000e+00|     0.00000e+00|      1.152|
|GRB200219998|      0.2400|        | 44.2997| 35.4554|     0.00000e+00|     0.00000e+00|     21.632|
|GRB200412381|      0.9290|        | 59.1426| 84.9681|     0.00000e+00|     0.00000e+00|      6.080|
|GRB200415367|      0.5600|        | 49.1127| 42.3634|     0.00000e+00|     0.00000e+00|      0.144|
|GRB200524211|      0.1280| 1.25600| 20.0647| 69.7315|     2.32791e+51|     0.00000e+00|     37.761|
|GRB200530031|      0.3120|        | 41.8960| 79.0732|     0.00000e+00|     0.00000e+00|     22.528|
|GRB200613229|      0.0950| 1.22700| 29.0057| 42.2878|     2.04552e+51|     5.11936e+51|    478.026|
|GRB200716957|      0.1700|        | 36.7768| 71.6514|     0.00000e+00|     0.00000e+00|      5.312|
|GRB200803149|      0.4600|        | 38.7929| 77.9284|     0.00000e+00|     0.00000e+00|    118.274|
|GRB201020732|      0.1200| 0.80400| 67.9217|110.5226|     1.41090e+51|     0.00000e+00|     15.872|
|GRB201104001|      0.2400|        | 57.2026| 53.9108|     0.00000e+00|     0.00000e+00|     52.480|
|GRB201208252|      0.1300|        | 10.9359| 34.3797|     0.00000e+00|     0.00000e+00|     44.801|
|GRB210202841|      0.6100|        | 45.9691| 35.6849|     0.00000e+00|     0.00000e+00|     17.664|
|GRB210306162|      0.3700|        | 15.8996| 51.7883|     0.00000e+00|     0.00000e+00|      9.536|
|GRB210410037|      0.7400|        | 50.7445| 66.7726|     0.00000e+00|     0.00000e+00|     48.128|
|GRB210520797|      0.8700|        | 20.6789| 66.9909|     0.00000e+00|     0.00000e+00|     56.065|
|GRB210619999|      0.3600| 1.93700|109.6288|107.9465|     0.00000e+00|     0.00000e+00|     54.785|
|GRB210802839|      0.2240|        | 51.0002| 36.5956|     0.00000e+00|     0.00000e+00|     10.240|
|GRB210822388|      0.5400|        | 84.2818|116.4960|     0.00000e+00|     0.00000e+00|     60.000|
|GRB210826293|      0.2100| 0.05000| 55.4565|102.2440|     6.40112e+49|     0.00000e+00|     19.712|
|GRB210928084|      0.1200|        | 16.3881| 43.6133|     0.00000e+00|     0.00000e+00|     23.808|
|GRB211018936|      0.2700| 0.64000| 67.5040| 43.5709|     2.13531e+52|     2.06035e+52|    123.906|
|GRB211023546|      0.0900| 0.39000| 54.7986| 97.7795|     9.38546e+51|     0.00000e+00|     79.106|
|GRB220101215|      0.4700| 4.61800| 17.0075| 15.6086|     6.15393e+53|     3.36001e+53|    128.259|
|GRB220107793|      0.2400|        | 54.2490| 30.8862|     0.00000e+00|     0.00000e+00|     24.833|
|GRB220210998|      0.9900|        | 16.0184| 44.6570|     0.00000e+00|     0.00000e+00|     43.520|
|GRB220228438|      0.6700|        | 23.7646| 49.8617|     0.00000e+00|     0.00000e+00|     12.032|
|GRB220408311|      0.0600|        | 28.7876| 64.3519|     0.00000e+00|     0.00000e+00|     32.513|
|GRB220527387|      0.0800| 0.85700| 48.8552| 22.8095|     6.10968e+51|     3.87584e+51|     10.496|
