Results from heasarc_fermilgrb: Fermi LAT Second Gamma-Ray Burst Catalog
Coordinate system:  Equatorial
|name        |error_radius|redshift|theta   |zenith  |distance_to_closest|ext_emission_max_ene|
|GRB140323433|      0.1800|        | 30.3002| 68.4066|             2.3600|             2800.00|
|GRB160325291|      0.2400|        |  7.2372| 55.5250|             3.4000|             3000.00|
|GRB120711115|      0.1300| 1.40500|134.5165| 84.9684|             1.4500|             2500.00|
|GRB171212434|      0.4300|        | 11.4614| 61.4512|             3.3300|              610.00|
|GRB120107384|      0.3400|        | 46.7623| 96.6798|             1.7800|             1900.00|
|GRB130327350|      0.2100|        | 46.2562| 86.2414|             5.3900|             9200.00|
|GRB150902733|      0.1800|        | 37.2673| 87.0941|             4.3400|            11000.00|
|GRB180703876|      0.3300|        | 44.0473| 93.9954|             3.6400|              930.00|
|GRB141221897|      0.3300|        | 38.7153| 84.3344|             0.8200|             5500.00|
|GRB090926181|      0.0600| 2.10600| 48.0314| 80.4453|             6.6300|            19000.00|
|GRB180113418|      1.0000|        | 62.6429|108.8888|            -1.0000|             -670.00|
|GRB170127067|      0.5200|        |142.2202| 92.2346|             6.6800|              510.00|
|GRB150403913|      0.2300| 2.06000| 55.3440|105.1180|             1.9300|             5400.00|
|GRB081006604|      0.3800|        | 10.7724| 40.2945|             4.1100|              800.00|
|GRB150514774|      0.1500| 0.80700| 39.2329| 59.1018|             0.9700|             6200.00|
|GRB100225115|      0.3400|        | 56.9620| 83.6871|             2.8300|             3000.00|
|GRB140528837|      0.3600|        | 46.2232| 66.3106|             2.7600|             4600.00|
|GRB160422499|      0.1000|        | 53.5374|102.3662|             3.9600|            12000.00|
|GRB091031500|      0.2300|        | 24.5735| 39.4233|             1.8100|             1400.00|
|GRB141222298|      0.0800|        | 45.8852| 93.4996|             3.7300|             3600.00|
|GRB150702998|      0.5400|        |117.4940| 88.1307|             0.7700|              800.00|
|GRB160829334|      0.1000|        | 14.5331| 56.8636|             0.7200|             9400.00|
|GRB080916009|      0.0700| 4.35000| 49.0003| 83.8106|             6.5800|            27000.00|
|GRB120316008|      0.3100|        |  9.8853| 48.7332|             3.3400|             2100.00|
|GRB140928437|      0.1000|        |110.0454|111.3008|             4.2400|            52000.00|
|GRB141012773|      0.2700|        | 47.2230| 94.6922|             3.2800|             1100.00|
|GRB150627183|      0.0600|        | 74.7185| 97.8610|             3.6200|             8100.00|
|GRB090720710|      0.9900|        | 56.3287| 94.2056|             1.0000|              430.00|
|GRB160905471|      0.1000|        | 17.0507| 57.5271|             2.2000|             7900.00|
|GRB100620119|      1.2400|        | 25.2451| 73.3437|             3.2200|              250.00|
|GRB120709883|      0.4000|        | 27.7871| 40.4568|             3.3000|             2600.00|
|GRB101014175|      0.0900|        | 55.0297|102.5554|             3.1400|            14000.00|
|GRB150820880|     15.3000|        | 22.9819| 66.5613|            -1.0000|             -670.00|
|GRB170906030|      0.1000|        | 89.1100| 89.0556|             4.1300|             3600.00|
|GRB141102536|      0.6800|        | 52.3349| 53.4650|             2.5800|              640.00|
|GRB170115743|      0.7400|        | 36.0103| 42.4867|             3.6100|             2300.00|
|GRB150523396|      0.0800|        | 24.7902| 54.7430|             2.6900|             7000.00|
|GRB170424425|      0.6900|        | 57.3780| 76.6155|             3.1300|             1100.00|
|GRB090227310|      0.3400|        | 21.6036| 45.3589|             3.1300|             2300.00|
|GRB090328401|      0.1200| 0.73600| 65.7025| 72.4123|             3.4300|             5500.00|
|GRB170510217|      0.4900|        | 66.3912| 23.4709|             5.3500|             1000.00|
|GRB110721200|      0.1200|        | 40.2270| 82.8881|             3.8600|             6700.00|
|GRB120919052|      0.1400|        | 22.9300| 65.9063|             2.7200|            13000.00|
|GRB120911268|      0.6000|        | 66.1291| 22.2163|             1.4200|             1400.00|
|GRB140110263|      0.2500|        | 36.1006| 64.6367|             3.0500|             2000.00|
|GRB090531775|      0.0000|        | 21.9282| 49.1757|            -1.0000|              630.00|
|GRB150118409|      0.5600|        | 65.2622| 91.7388|             4.5400|             1800.00|
|GRB131216081|      2.2400|        | 44.5659| 77.2043|            -1.0000|             -670.00|
|GRB120526303|      0.1100|        |109.6846| 62.9318|             2.2500|            14000.00|
|GRB121225417|      1.5000|        | 64.2509| 90.7313|            -1.0000|             -670.00|
|GRB110518860|      0.1900|        |165.9076|124.1270|             3.1600|             2900.00|
|GRB131209547|      1.1600|        | 19.7944| 53.5509|             1.4900|              290.00|
|GRB090626189|      0.2900|        | 22.5990| 10.4193|             2.6400|             2100.00|
|GRB170825307|      1.0200|        | 50.4679| 79.4937|             5.8300|              300.00|
|GRB180718763|      0.9500|        | 46.4544| 43.0937|             2.2500|              490.00|
|GRB180703949|      0.4400|        | 32.2084| 44.3668|             4.6100|             1100.00|
|GRB120830297|      0.6200|        | 38.7316| 75.3340|             3.2800|              780.00|
|GRB090228204|      0.2100|        | 23.8033| 56.6437|             4.3800|              700.00|
|GRB110731465|      0.2400| 2.83000|  2.8752| 50.7296|             4.2900|             3500.00|
|GRB160709826|      0.2700|        | 47.5949| 82.2450|             3.4000|              990.00|
|GRB100325275|      0.8700|        |  7.8462| 52.8511|             2.3600|              820.00|
|GRB090510016|      0.0500| 0.90300| 13.4907| 52.2710|             1.1900|            30000.00|
|GRB110921912|      0.3900|        | 33.9401| 21.1935|             0.8100|             2000.00|
|GRB121029350|      0.2100|        | 61.1979| 42.0463|             1.2400|             4300.00|
|GRB100826957|      1.1300|        | 72.9508| 85.0793|             1.0100|             1700.00|
|GRB170405777|      0.5500| 3.51000| 52.0270| 60.5366|             5.0900|              890.00|
|GRB121123442|      0.5000|        | 78.8018| 76.4233|             0.5400|             2500.00|
|GRB150513856|      0.0400|        | 51.7696| 16.5438|            -1.0000|              550.00|
|GRB130606497|      0.1100|        | 90.5414| 10.9012|             4.6200|             4600.00|
|GRB091120191|      0.1800|        | 48.0699| 25.7285|             3.9200|             7000.00|
|GRB131014215|      0.8100|        | 72.5010| 76.0067|             3.3000|             1800.00|
|GRB130325203|      0.1800|        | 47.2896| 76.1103|             4.6900|             5300.00|
|GRB091127976|      0.3100| 0.49000| 25.8136| 54.5483|             2.4700|             2200.00|
|GRB130310840|      0.4700|        | 75.6174| 49.7983|             2.3500|             1400.00|
|GRB101227406|      0.3200|        | 13.6638| 37.2624|             7.3300|             1500.00|
|GRB100728095|      0.1800| 1.56700| 60.5408| 36.9292|             3.0900|             3100.00|
|GRB090427977|      0.1100|        |133.9938|135.3593|             7.2500|            14000.00|
|GRB140825288|      0.5700|        |113.3682|111.9633|             4.3300|             1600.00|
|GRB110120666|      0.2000|        | 14.6458| 31.4977|             1.1600|             2000.00|
|GRB130821674|      0.1800|        | 34.8511| 49.1887|             4.4300|             6300.00|
|GRB171010792|      0.1000| 0.33000|114.6885| 94.0831|             3.8200|            19000.00|
|GRB140619475|      0.2000|        | 38.8513| 25.8183|             2.0700|            23000.00|
|GRB140104731|      0.1800|        | 17.6021| 36.4636|             3.8700|             3100.00|
|GRB140206275|      0.0800|        | 46.2470| 85.9825|             5.7300|            11000.00|
|GRB090217206|      0.4600|        | 33.6888| 46.2258|             3.8100|              820.00|
|GRB170409112|      0.1000|        | 85.8729| 66.6108|             4.5700|             9900.00|
|GRB160310016|      0.0600|        | 62.7916| 29.9381|             6.4700|             1400.00|
|GRB170228794|      2.0200|        | 65.1176| 31.9533|             2.2700|              340.00|
|GRB170813051|      0.7500|        | 41.1116| 22.5906|             1.8800|              960.00|
|GRB080825593|      0.6500|        | 60.2230| 26.2922|             4.0600|              680.00|
|GRB140723067|      0.5100|        | 54.4040| 38.6236|             3.6900|             1000.00|
|GRB180720598|      0.1100| 0.65400| 49.1315|  7.0015|             4.4100|             4900.00|
|GRB170214649|      0.0800| 2.53000| 33.1849| 21.9115|             6.7600|             7800.00|
|GRB131231198|      0.0500| 0.64200| 37.2353| 39.9097|             2.2300|            48000.00|
|GRB160503567|      0.8800|        | 25.1056| 33.9034|             4.4000|              520.00|
|GRB100511035|      0.0700|        | 47.9719| 26.2316|             0.1600|            46000.00|
|GRB141028455|      0.2700| 2.33200| 36.4301| 48.0918|             1.4400|             3900.00|
|GRB140102887|      0.2400|        | 47.1566| 44.6674|             2.5100|             2300.00|
|GRB170808936|      0.7100|        | 64.8486| 17.4545|             0.9900|             1800.00|
|GRB101123952|      1.0000|        | 77.4140| 97.7702|            -1.0000|              260.00|
|GRB180526461|      0.2700|        | 82.1820|109.6541|             1.9400|             2200.00|
|GRB130504978|      0.1200|        | 47.6034| 52.3386|             3.7600|             5700.00|
|GRB141207800|      0.2000|        | 61.1366| 36.7668|             2.3300|             5500.00|
|GRB110728056|      0.6200|        | 41.6803| 16.8110|             3.6900|             1400.00|
|GRB150510139|      0.3300|        | 56.1898| 11.4394|             2.6300|             2000.00|
|GRB140402007|      0.1600|        | 13.6688| 45.9661|             1.6200|             3700.00|
|GRB110625881|      0.1300|        | 87.9482| 51.4461|             0.7100|             1700.00|
|GRB160625945|      0.0700| 1.40600| 41.2290| 40.0952|             4.0500|            15000.00|
|GRB140219824|      0.8500|        | 96.2478|113.4333|             2.2200|             1700.00|
|GRB100414097|      0.0900| 1.36800| 69.5812| 29.0499|             2.2900|            30000.00|
|GRB120624933|      0.2100| 2.20000| 68.2416| 26.6314|             1.9400|             1900.00|
|GRB160702516|      0.2100|        | 71.9760| 59.1714|             4.4700|             4800.00|
|GRB131108862|      0.2200| 2.40000| 20.4097| 21.8601|             4.5700|             1500.00|
|GRB170329387|      0.6000|        | 46.2101| 11.9686|             3.7600|              780.00|
|GRB171011810|      0.8200|        | 43.2113| 52.7372|             3.2800|              160.00|
|GRB100423244|      0.1900|        | 47.8749| 32.8447|             2.6000|             3900.00|
|GRB150210935|      0.4300|        | 53.7113| 10.0348|             1.2700|             2500.00|
|GRB100116897|      0.0600|        | 25.8527| 36.3263|             3.5600|            33000.00|
|GRB080818945|      0.4700|        | 56.4285| 75.0427|             1.8900|             1700.00|
|GRB100213531|      0.0600|        |146.4429|147.2134|             5.0800|            34000.00|
|GRB120420858|      0.2900|        |109.7107| 76.7650|             2.5800|             1900.00|
|GRB140729026|      0.2600|        | 26.4644| 40.8605|             4.7800|             1500.00|
|GRB130702004|      0.6200| 0.14500| 76.7118| 78.8894|             3.6000|             1700.00|
|GRB090323002|      0.0900| 3.57000| 56.4980| 66.1598|             3.9000|             7400.00|
|GRB180210517|      0.1200|        | 34.1544| 19.9519|             1.6700|             7400.00|
|GRB081009140|      0.2800|        | 69.6361| 55.3543|             7.3300|             1600.00|
|GRB081024891|      0.3100|        | 19.1504| 30.6101|             3.1600|             1700.00|
|GRB160917456|      3.7300|        | 52.3193| 29.9252|            -1.0000|             -670.00|
|GRB171120556|      0.2000|        | 25.0234| 12.9609|             0.2600|             3400.00|
|GRB120328268|      1.0000|        | 68.4589|106.5998|            -1.0000|             -670.00|
|GRB101107011|      0.2000|        | 36.6095| 28.3643|             0.7700|             4800.00|
|GRB171210493|      0.3200|        | 51.0937|  3.5167|             0.9400|            12000.00|
|GRB140523129|      0.3800|        | 55.4294| 26.4490|             3.9600|             7300.00|
|GRB170522657|      0.2300|        | 49.4184| 74.5469|             2.3200|             3700.00|
|GRB090902462|      0.0400| 1.82200| 50.2749| 37.5941|             4.2900|            40000.00|
|GRB140810782|      0.0700|        |123.4854| 89.2914|             2.5700|            15000.00|
|GRB130427324|      0.0400| 0.34000| 46.4233| 62.8200|             2.0900|            94000.00|
|GRB130828306|      0.2900|        | 39.8927| 45.5196|             7.8600|             1200.00|
|GRB110123804|      0.2200|        | 55.3666| 91.9483|             5.0700|             2100.00|
|GRB161015710|      0.4200|        | 46.0694| 32.9211|             2.0900|             1000.00|
|GRB081102365|      0.5800|        | 48.1563| 47.6361|             2.1500|              550.00|
|GRB180305393|      0.1100|        | 74.9439| 89.7318|             2.4200|             8900.00|
|GRB090227772|      1.8000|        | 72.6520| 86.5546|            -1.0000|             -670.00|
|GRB090102122|      0.6500| 1.54700| 85.4724| 78.6658|             2.7000|              580.00|
|GRB171124235|      0.2000|        | 19.2201| 44.4515|             5.4500|             3600.00|
|GRB091003191|      0.1000| 0.89700| 12.1659| 62.1292|             2.6700|             5900.00|
|GRB140124527|      0.3300|        | 19.3729| 65.6419|             3.5900|             2300.00|
|GRB160816730|      0.2300|        | 33.4331| 18.3457|             0.9500|             9200.00|
|GRB081122520|      0.2700|        | 21.5135| 25.8591|             3.0300|             2500.00|
|GRB160910722|      0.5900|        | 71.3642| 79.0465|             1.3800|              490.00|
|GRB121011469|      0.0100|        | 55.8862| 84.7977|            -1.0000|              140.00|
|GRB110328520|      0.1600|        | 35.9984| 43.2576|             2.3400|             4000.00|
|GRB140416060|      0.1000|        |138.7697| 94.8281|             0.9300|            10000.00|
|GRB160623209|      0.0900| 0.36700| 83.9297|112.1723|             3.5600|            18000.00|
|GRB160821857|      0.1200|        | 18.9958| 66.8925|             0.7700|             4700.00|
|GRB111210359|      0.8200|        | 28.3055| 24.0700|             1.5300|              560.00|
|GRB130907904|      0.2600| 1.23800|105.4169| 57.1597|             3.1500|             5600.00|
|GRB160314929|      0.7900|        | 60.7196|110.4926|             3.9500|              880.00|
|GRB160917479|      0.0100|        | 46.1434| 89.6863|            -1.0000|             -670.00|
|GRB130518580|      0.1900| 2.49000| 40.3493| 82.4282|             4.2500|             2100.00|
|GRB131029973|      0.1800|        | 59.8236| 94.0796|             1.6900|             3200.00|
|GRB120226871|      0.6800|        | 37.1119| 42.1756|             2.4700|              380.00|
|GRB110213220|      0.2200| 1.46000| 98.5894| 53.1952|             2.0300|             3000.00|
|GRB120729456|      0.3800| 0.80000| 82.6419| 32.6788|             2.0500|             2400.00|
|GRB170306588|      0.7100|        | 54.4082| 64.8871|             2.1200|              500.00|
|GRB130305486|      0.0600|        | 41.5043| 99.6014|            -1.0000|             -670.00|
|GRB170921168|      0.2600|        |104.6085| 78.1572|             0.9700|             2700.00|
|GRB150416773|      1.9300|        | 68.6177| 90.7186|            -1.0000|             -670.00|
|GRB171102107|      0.8200|        | 45.3952| 64.7506|             3.2800|              370.00|
|GRB160101215|      1.3700|        |  8.9980| 58.9980|            -1.0000|             -670.00|
|GRB120915000|      1.7600|        | 10.8123| 59.2287|             0.1800|              250.00|
|GRB110903111|      0.0700|        | 44.2750| 93.8597|             2.7500|            16000.00|
|GRB150202999|      0.3300|        | 17.2274| 66.8987|             0.9000|             1000.00|
|GRB161109263|      0.3900|        | 77.8826|112.4844|             1.0400|             3400.00|
|GRB150314205|      0.7200| 1.75800| 45.1127| 91.9260|             1.2700|             1900.00|
|GRB081203581|      0.3900| 2.10000| 78.0198|106.1336|             2.2500|             1000.00|
|GRB110428388|      0.1800|        | 34.5594| 84.3480|             1.4800|             3000.00|
|GRB110529034|      1.5000|        | 29.9601| 79.9138|            -1.0000|             -670.00|
|GRB151006413|      0.0010|        | 30.6458| 80.4874|            -1.0000|              140.00|
|GRB130502327|      0.3200|        | 46.4341| 96.4185|             2.9600|            31000.00|
|GRB170728961|      1.0100|        | 31.4994| 68.1481|             6.1500|              630.00|
|GRB081224887|      0.3300|        | 15.3899| 49.2295|             2.6900|             1800.00|
|GRB100724029|      0.1000|        | 49.9812| 96.2402|             0.6200|              160.00|
|GRB160509374|      0.3000| 1.17000| 33.1083| 67.7610|             1.1600|            52000.00|
|GRB141113346|      0.7100|        | 53.6709| 86.4441|             3.2700|              530.00|
|GRB160521385|      0.1300|        | 46.9584| 94.5121|             1.8800|            13000.00|
