3FHL_J0548.1-8737       0.0560       16.37    39.245      0.
3FHL_J2111.0-8618       0.0320       25.56   155.311      0.
3FHL_J1027.0-8543       0.0210       23.92   136.720      0.
3FHL_J2336.3-8427       0.0450       21.71    62.757      0.
3FHL_J0532.8-8326       0.0550       19.45    69.998   0.774
3FHL_J0737.5-8247       0.0330       20.69    80.354      0.
3FHL_J2258.1-8244       0.0520       17.32    21.961      0.
3FHL_J1505.8-8241       0.0400       26.25    83.016      0.
3FHL_J0019.1-8151       0.0440       16.95    57.525      0.
3FHL_J1058.5-8005       0.0360       15.36    31.480   0.569
3FHL_J1537.8-7958       0.0600       18.94    68.881      0.
3FHL_J0223.9-7941       0.0420       19.32    30.388      0.
3FHL_J1208.5-7809       0.0510       20.68    84.511      0.
3FHL_J1130.5-7801       0.0220       27.63   179.189      0.
3FHL_J1618.1-7717       0.0550       15.10    23.911   1.710
3FHL_J1723.8-7714       0.0330       18.93    44.514      0.
3FHL_J0734.8-7711       0.0390       16.14    27.655      0.
3FHL_J0953.3-7659       0.0530       23.64   101.939      0.
3FHL_J1626.4-7639       0.0360       22.87    33.506      0.
3FHL_J2336.5-7620       0.0470       21.79    33.085      0.
3FHL_J1455.4-7559       0.0420       18.37    81.686      0.
3FHL_J2351.5-7559       0.0650       26.82   134.721      0.
3FHL_J2147.3-7535       0.0300       16.18   137.008   1.138
3FHL_J0811.0-7529       0.0180       20.29    94.605      0.
3FHL_J0558.9-7458       0.0330       17.85    59.114      0.
3FHL_J1922.6-7452       0.0350       26.02   100.343      0.
3FHL_J2339.2-7404       0.0330       28.07   126.770      0.
3FHL_J0438.0-7328       0.0400       23.82    57.660      0.
3FHL_J2041.7-7319       0.0300       27.56    52.976      0.
3FHL_J1225.9-7315       0.0560       19.68    41.970      0.
3FHL_J1433.5-7304       0.0370       31.71    60.206      0.
3FHL_J0601.5-7237       0.0570       19.33    43.697      0.
3FHL_J2022.2-7223       0.0410       28.47    45.062      0.
3FHL_J0024.2-7205       0.0500       14.40    40.007      0.
3FHL_J1240.5-7148       0.0350       17.27    57.614      0.
3FHL_J2256.0-7119       0.0610       20.16    58.618      0.
3FHL_J2002.5-7119       0.0500       50.81   127.567      0.
3FHL_J2040.3-7116       0.0220       25.80   149.397   0.162
3FHL_J0319.2-7045       0.0500       17.92   104.913      0.
3FHL_J1557.3-7040       0.0360       18.67    25.808      0.
3FHL_J0601.2-7035       0.0370       14.41    31.825   2.409
3FHL_J1330.2-7003       0.0410       14.47    21.785      0.
3FHL_J0213.9-6950       0.0340       27.94   107.844      0.
3FHL_J0500.9-6945e          0.       34.25   784.886      0.
3FHL_J2313.2-6922       0.0560       24.21    45.592      0.
3FHL_J0537.9-6909       0.0260       62.13   571.012      0.
3FHL_J0530.0-6900e          0.       19.67   118.204      0.
3FHL_J0208.2-6839       0.0440       19.66    57.485      0.
3FHL_J0353.0-6832       0.0280       31.10   280.178   0.087
3FHL_J1424.5-6808       0.0620       13.91    14.310      0.
3FHL_J2048.3-6805       0.0450       19.24    61.159      0.
3FHL_J1902.8-6748       0.0510       12.10    17.887   0.255
3FHL_J0659.5-6743       0.0370       48.39    97.505      0.
3FHL_J1528.4-6730       0.0420       20.91    60.865      0.
3FHL_J0002.1-6728       0.0360       20.82    52.152      0.
3FHL_J0739.7-6720       0.0400       30.30   100.466      0.
3FHL_J0644.4-6712       0.0240       15.48    42.234      0.
3FHL_J1803.1-6709       0.0530       11.52    14.890      0.
3FHL_J1308.6-6705       0.0460       14.96    24.135      0.
3FHL_J0427.5-6705       0.0460       16.60    33.230      0.
3FHL_J1610.6-6649       0.0130       17.66   100.962      0.
3FHL_J1544.9-6641       0.0230       30.12   219.058      0.
3FHL_J1353.6-6640       0.0210       22.27   127.164      0.
3FHL_J0531.8-6639e          0.       30.10   762.299      0.
3FHL_J2109.0-6637       0.0360       22.89    57.098      0.
3FHL_J0217.0-6636       0.0450       16.93    81.500      0.
3FHL_J0700.5-6611       0.0210       20.14   146.455      0.
3FHL_J0730.8-6602       0.0290       31.52   226.176      0.
3FHL_J1051.3-6519       0.0400       21.57   123.512      0.
3FHL_J1849.3-6448       0.0440       16.05    28.577      0.
3FHL_J0343.3-6444       0.0320       22.76    75.578      0.
3FHL_J0316.2-6439       0.0310       27.59   312.217      0.
3FHL_J1647.3-6438       0.0430       21.52    66.234      0.
3FHL_J2321.8-6437       0.0270       24.55    53.544      0.
3FHL_J1558.8-6432       0.0200       22.35   204.915   0.080
3FHL_J0756.3-6431       0.0340       22.19    40.561      0.
3FHL_J1355.1-6420e          0.       76.48   711.616      0.
3FHL_J0509.9-6418       0.0370       24.98   145.774      0.
3FHL_J2141.9-6409       0.0410       15.06    37.443      0.
3FHL_J0826.3-6403       0.0340       23.26    58.732      0.
3FHL_J1303.0-6350       0.0410       52.50  1179.330      0.
3FHL_J1303.0-6312e          0.       43.49   599.043      0.
3FHL_J0343.5-6302       0.0940       12.49    18.250      0.
3FHL_J0628.7-6248       0.0610       14.26    26.176      0.
3FHL_J1139.2-6248       0.0440       12.94    20.414      0.
3FHL_J0051.2-6242       0.0170       21.39   122.743      0.
3FHL_J1305.5-6240       0.0410       24.40   121.747      0.
3FHL_J1213.3-6240e          0.       21.27   238.175      0.
3FHL_J2103.7-6232       0.0280       20.13    93.459      0.
3FHL_J1507.9-6228e          0.       34.10   416.410      0.
3FHL_J1443.0-6227e          0.       44.19   705.063      0.
3FHL_J1047.5-6217       0.0360       17.03    29.911      0.
3FHL_J1703.6-6212       0.0610       13.16    17.543   1.755
3FHL_J1941.3-6207       0.0650       12.16    16.962      0.
3FHL_J0516.7-6207       0.0240       18.15    66.952   1.300
3FHL_J1413.5-6204       0.0190       13.09    35.064      0.
3FHL_J0331.3-6157       0.0280       25.84   401.015      0.
3FHL_J0116.2-6153       0.0290       19.68    80.176      0.
3FHL_J1422.4-6138       0.0280       13.32    24.059      0.
3FHL_J0236.8-6137       0.0590       17.34    39.051   0.467
3FHL_J1119.0-6127       0.0360       15.36    35.350      0.
3FHL_J1409.1-6121e          0.       22.10   345.300      0.
3FHL_J1405.1-6118       0.0340       20.99    84.393      0.
3FHL_J1115.0-6117       0.0310       31.95   132.307      0.
3FHL_J1109.4-6115e          0.       28.43   686.874      0.
3FHL_J0842.0-6101       0.0590       12.74    16.087      0.
3FHL_J0310.0-6058       0.0480       13.32    18.649   1.479
3FHL_J1418.6-6058       0.0200       14.08  1405.310      0.
3FHL_J1733.7-6056       0.0750       16.51    67.771      0.
3FHL_J1112.5-6054       0.0720       12.70    14.394      0.
3FHL_J1427.9-6054       0.0710       21.07   106.344      0.
3FHL_J1459.4-6052       0.0730       13.36    14.004      0.
3FHL_J1420.3-6046e          0.       28.20   512.801      0.
3FHL_J1306.3-6042       0.0280       13.83    38.572      0.
3FHL_J1111.8-6038       0.0250       15.28    72.979      0.
3FHL_J1346.2-6026       0.0460       16.24    66.215      0.
3FHL_J0420.2-6015       0.0600       20.51    49.514      0.
3FHL_J0525.6-6013       0.0240       25.65    71.121      0.
3FHL_J0445.0-6012       0.0540       19.16    44.231   0.097
3FHL_J1603.3-6011       0.0480       12.09    21.142      0.
3FHL_J1854.6-6008       0.0790       12.71    27.248      0.
3FHL_J1838.1-6000       0.0970       20.19    46.415      0.
3FHL_J2249.6-5943       0.0540       15.33    18.441      0.
3FHL_J1045.1-5941       0.0160       20.90  1347.140      0.
3FHL_J0528.6-5920       0.0420       15.96    39.068   1.130
3FHL_J1256.2-5918       0.0380       23.43    81.355      0.
3FHL_J1124.4-5916       0.0440       29.40   292.770      0.
3FHL_J1514.2-5909e          0.       32.12  1052.460      0.
3FHL_J1524.8-5904       0.0300       18.80    33.155      0.
3FHL_J1018.8-5857       0.0270       16.70   340.679      0.
3FHL_J1016.2-5857       0.0440       13.00    28.118      0.
3FHL_J1509.5-5851       0.0300       14.59    25.683      0.
3FHL_J0143.8-5846       0.0210       19.40   117.663      0.
3FHL_J1842.4-5841       0.0230       42.64   140.460      0.
3FHL_J1036.3-5833e          0.       30.53   355.444      0.
3FHL_J1048.2-5832       0.0220       13.96    34.421      0.
3FHL_J0244.4-5819       0.0310       30.43   142.247   0.265
3FHL_J1028.5-5818       0.0180       13.83    77.756      0.
3FHL_J1600.3-5811       0.0510       16.47    33.338      0.
3FHL_J1125.0-5806       0.0430       22.55    99.029      0.
3FHL_J0852.5-5756       0.0430       15.59    52.875      0.
3FHL_J0231.0-5755       0.0620       27.59   218.267   0.032
3FHL_J1023.3-5747e          0.       25.52   784.508      0.
3FHL_J2002.1-5736       0.0460       17.10    43.434      0.
3FHL_J1233.9-5735       0.0220       17.36    49.243      0.
3FHL_J0904.9-5735       0.0270       21.07   151.007      0.
3FHL_J0433.7-5725       0.0550       15.10    52.694      0.
3FHL_J0537.8-5718       0.0420       18.47    31.469   1.180
3FHL_J0329.2-5714       0.0920       18.97    39.177      0.
3FHL_J1744.5-5713       0.0370       32.11    80.797      0.
3FHL_J1832.8-5657       0.0390       19.48    42.451      0.
3FHL_J1955.0-5640       0.0320       31.56   235.990      0.
3FHL_J0325.4-5635       0.0280       24.31   256.159   0.060
3FHL_J0301.4-5618       0.0570       15.64    21.613      0.
3FHL_J1552.7-5611e          0.       20.34   224.217      0.
3FHL_J1328.9-5607       0.0300       16.98    53.990      0.
3FHL_J0845.8-5551       0.1230       49.56   294.485      0.
3FHL_J0228.2-5545       0.0510       16.71    23.859   2.464
3FHL_J0543.9-5532       0.0160       25.06  1341.290   0.273
3FHL_J2258.6-5525       0.0760       26.46    84.127   0.479
3FHL_J0844.9-5458       0.0260       16.61    49.795      0.
3FHL_J0150.6-5450       0.0490       22.19    40.901      0.
3FHL_J0506.9-5434       0.0200       23.97    89.190      0.
3FHL_J1103.9-5356       0.0290       15.61    49.367      0.
3FHL_J0401.0-5355       0.0540       31.48   158.499      0.
3FHL_J1719.0-5348       0.0470       23.22    71.794      0.
3FHL_J0414.6-5339       0.0510       19.58    57.978      0.
3FHL_J1117.2-5338       0.0280       15.03    26.719      0.
3FHL_J1553.8-5325e          0.       20.07    76.820      0.
3FHL_J0856.4-5308       0.0460       19.12    74.096      0.
3FHL_J1229.7-5304       0.0400       24.30   149.195      0.
3FHL_J0156.7-5302       0.0260       30.14   128.139      0.
3FHL_J0928.5-5256       0.0380       25.13    98.400      0.
3FHL_J1327.0-5256       0.0400       18.10    32.319      0.
3FHL_J0003.3-5248       0.0430       23.66    67.310      0.
3FHL_J1208.5-5243e          0.       54.65  1885.820      0.
3FHL_J2240.3-5240       0.0240       25.11   465.157      0.
3FHL_J0933.5-5240       0.0330       19.64    39.856      0.
3FHL_J1534.0-5231       0.0640       15.04    27.667      0.
3FHL_J0209.3-5229       0.0200       25.60   179.921      0.
3FHL_J1057.6-5226       0.0610       12.09    14.652      0.
3FHL_J2221.5-5226       0.0260       22.92   441.567      0.
3FHL_J2246.6-5207       0.0360       34.64   183.286   0.098
3FHL_J0146.8-5203       0.0700       16.77    29.595   0.098
3FHL_J1615.3-5146e          0.       31.23  1996.880      0.
3FHL_J1639.3-5145       0.0260       15.35    33.829      0.
3FHL_J0350.4-5143       0.0690       26.81    90.329      0.
3FHL_J0021.8-5140       0.0320       18.59    58.127      0.
3FHL_J0647.0-5138       0.0430       21.78   177.598      0.
3FHL_J0314.3-5103       0.0380       17.63    55.247      0.
3FHL_J0210.6-5100       0.0400       14.20    24.446   1.003
3FHL_J1619.7-5059       0.0450       23.26   106.713      0.
3FHL_J1616.2-5054e          0.       34.48  1282.970      0.
3FHL_J1650.3-5045       0.0210       17.14    67.235      0.
3FHL_J2030.2-5037       0.0490       37.65   195.137      0.
3FHL_J0620.9-5033       0.0530       17.74    45.394      0.
3FHL_J1033.4-5033       0.0340       18.62   187.665      0.
3FHL_J1048.4-5030       0.0350       38.28   106.646      0.
3FHL_J0014.0-5024       0.0600       22.74    26.054      0.
3FHL_J0310.6-5017       0.0310       18.82    88.642      0.
3FHL_J0725.6-5008       0.0430       12.13    21.946      0.
3FHL_J1622.9-5004       0.0270       14.02    24.912      0.
3FHL_J0356.8-4957       0.0420       17.24    42.864   0.643
3FHL_J2329.2-4955       0.0180       14.44    53.500   0.518
3FHL_J1536.3-4949       0.0180       14.80    28.157      0.
3FHL_J1514.1-4946       0.0310       13.23    34.802      0.
3FHL_J1250.9-4944       0.0550       15.62    29.035      0.
3FHL_J2251.5-4928       0.0260       16.81    60.855      0.
3FHL_J1620.7-4928       0.0180       13.18    46.716      0.
3FHL_J0747.7-4927       0.0560       13.95    23.992      0.
3FHL_J1305.4-4927       0.0630       20.30    41.405      0.
3FHL_J1939.9-4927       0.0460       18.19    37.465      0.
3FHL_J2322.8-4916       0.0240       25.18   106.335      0.
3FHL_J1626.3-4915       0.0760       19.69   100.197      0.
3FHL_J0500.7-4911       0.0460       37.10   200.028      0.
3FHL_J1603.8-4903       0.0130       18.16   141.656      0.
3FHL_J0541.1-4855       0.0720       13.94    14.854      0.
3FHL_J1228.1-4851       0.0620       14.25    18.901      0.
3FHL_J2009.4-4849       0.0140       28.04   409.190   0.071
3FHL_J0705.9-4848       0.0550       12.27    17.616      0.
3FHL_J2235.4-4836       0.0500       17.42    67.664   0.510
3FHL_J1843.4-4835       0.0530       16.08    28.761   0.111
3FHL_J0526.1-4830       0.0350       14.77    23.812   1.300
3FHL_J0531.9-4827       0.0190       16.05    49.557      0.
3FHL_J0604.2-4816       0.0260       29.17    64.972      0.
3FHL_J2325.4-4759       0.0310       19.69    61.676   0.221
3FHL_J1631.6-4756e          0.       60.80  1341.580      0.
3FHL_J0746.6-4755       0.0340       20.65   103.084      0.
3FHL_J1633.0-4746e          0.       25.29   265.820      0.
3FHL_J0156.9-4744       0.0750       14.64    18.019      0.
3FHL_J1655.5-4737e          0.       22.40   352.422      0.
3FHL_J1132.2-4737       0.0550       60.14   764.598      0.
3FHL_J1733.8-4734       0.0220       32.56   678.737      0.
3FHL_J1636.3-4731e          0.       17.02    59.055      0.
3FHL_J0606.3-4730       0.0660       16.08    19.581   0.037
3FHL_J1328.5-4728       0.0240       22.26    99.619      0.
3FHL_J1959.7-4725       0.0210       18.87   148.432      0.
3FHL_J1936.9-4720       0.0230       25.16   232.557   0.265
3FHL_J2056.2-4713       0.0300       16.90    56.239   1.489
3FHL_J1657.6-4656       0.0950       13.93    22.204      0.
3FHL_J0246.1-4650       0.0370       14.95    30.563   1.385
3FHL_J1034.8-4645       0.0530       15.55    32.824      0.
3FHL_J1457.8-4642       0.0430       41.32   158.726      0.
3FHL_J1640.6-4633       0.0250       34.03   174.451      0.
3FHL_J1652.2-4633e          0.       28.81   615.705      0.
3FHL_J1442.5-4621       0.0430       23.27    30.818      0.
3FHL_J0851.9-4620e          0.       38.95  1697.940      0.
3FHL_J1641.1-4619       0.0450       21.47    63.818      0.
3FHL_J2159.6-4619       0.0360       32.80   221.374      0.
3FHL_J0455.8-4616       0.0540       12.84    14.517   0.858
3FHL_J1648.5-4610       0.0460       11.81    14.631      0.
3FHL_J1959.9-4606       0.0530       19.69    67.994      0.
3FHL_J0026.5-4602       0.0470       26.49    71.188      0.
3FHL_J1024.5-4543       0.0400       19.98   101.833      0.
3FHL_J0133.1-4533       0.0540       19.71    39.766      0.
3FHL_J2317.3-4532       0.0430       14.35    33.859      0.
3FHL_J0715.7-4530       0.0390       51.73   736.644      0.
3FHL_J1944.4-4523       0.0320       31.68   178.378      0.
3FHL_J0438.8-4520       0.0530       15.04    40.799   2.017
3FHL_J2022.6-4512       0.0460       18.94    92.106      0.
3FHL_J0833.1-4511e          0.       33.67   767.070      0.
3FHL_J0835.3-4510       0.0080       12.25    93.725      0.
3FHL_J1014.9-4509       0.0650       18.21    53.967      0.
3FHL_J1526.3-4501       0.0380       24.14    62.320      0.
3FHL_J0335.1-4459       0.0370       19.95    53.600      0.
3FHL_J1604.6-4441       0.0430       30.59   193.486      0.
3FHL_J0226.7-4440       0.0520       23.92   120.498      0.
3FHL_J1227.1-4436       0.0570       20.92    53.330   0.110
3FHL_J1709.7-4429       0.0090       13.78    53.730      0.
3FHL_J1353.0-4413       0.0490       14.12    31.318      0.
3FHL_J0538.8-4405       0.0120       14.90   104.315   0.892
3FHL_J0550.4-4356       0.0570       18.92    43.130      0.
3FHL_J1304.3-4353       0.0190       20.35   149.211      0.
3FHL_J0556.4-4351       0.0420       19.16    51.698      0.
3FHL_J0449.4-4350       0.0110       22.93   444.037   0.205
3FHL_J1023.8-4335       0.0180       20.75    86.393      0.
3FHL_J1754.2-4334       0.0290       15.98    29.036      0.
3FHL_J0718.6-4319       0.0220       18.93    75.117      0.
3FHL_J0009.7-4319       0.0500       16.77    26.010      0.
3FHL_J1325.5-4300       0.0340       21.50   188.527      0.
3FHL_J1307.6-4259       0.0180       23.33   114.956      0.
3FHL_J0626.5-4259       0.0460       15.78    65.978      0.
3FHL_J0822.1-4253e          0.       20.36   163.744      0.
3FHL_J1016.2-4245       0.0490       16.75    41.390      0.
3FHL_J1315.0-4237       0.0220       30.81   303.169   0.105
3FHL_J2139.4-4234       0.0240       19.48    57.626      0.
3FHL_J1022.4-4233       0.0670       17.15    35.890      0.
3FHL_J2322.4-4222       0.0410       27.51    52.779   0.090
3FHL_J2319.1-4206       0.0280       42.72   375.288      0.
3FHL_J1427.9-4206       0.0110       13.75    59.062   1.522
3FHL_J2250.4-4206       0.0440       32.87   113.813   1.040
3FHL_J2034.9-4200       0.0310       19.81    38.516      0.
3FHL_J0001.9-4155       0.1020       28.42   266.625      0.
3FHL_J1729.9-4148       0.0430       35.70   970.135      0.
3FHL_J1703.4-4145       0.0370      194.14  1656.000      0.
3FHL_J1451.8-4145       0.0660       31.50   346.302      0.
3FHL_J1042.2-4128       0.0400       22.24    52.332      0.
3FHL_J1918.2-4111       0.0200       18.19   106.315      0.
3FHL_J0929.2-4110       0.0450       43.01   331.436      0.
3FHL_J0200.1-4109       0.0390       22.62   100.052      0.
3FHL_J1057.6-4051       0.0500       18.92    29.677      0.
3FHL_J2324.7-4040       0.0190       21.28   118.480   0.174
3FHL_J2328.6-4036       0.0910       19.09    55.256   1.972
3FHL_J0109.9-4020       0.0350       33.97   116.769   0.313
3FHL_J0602.7-4019       0.0310       18.93   104.841      0.
3FHL_J0334.2-4008       0.0230       15.95    85.640   1.445
3FHL_J0013.0-3956       0.0520       14.27    20.627      0.
3FHL_J1439.9-3955       0.0430       27.81   125.290      0.
3FHL_J1713.5-3945e          0.       39.71  1236.280      0.
3FHL_J1733.4-3942       0.0460       29.70    76.464      0.
3FHL_J1802.6-3940       0.0300       14.30    24.205   1.319
3FHL_J1353.8-3936       0.0320       22.49    82.520      0.
3FHL_J1253.6-3934       0.0380       18.70    55.509   0.179
3FHL_J1406.7-3932       0.0360       23.70    65.312      0.
3FHL_J0158.7-3930       0.0490       20.49   152.074      0.
3FHL_J2143.1-3930       0.0440       28.57    91.401   0.429
3FHL_J1203.3-3924       0.0380       40.92   203.338   0.230
3FHL_J0121.9-3917       0.0550       19.84    39.064      0.
3FHL_J0703.1-3913       0.0430       27.27   209.884      0.
3FHL_J1443.9-3908       0.0130       23.94   290.604   0.065
3FHL_J0538.2-3908       0.0440       26.74   128.827      0.
3FHL_J1440.6-3846       0.0210       23.62   142.304      0.
3FHL_J1958.0-3845       0.0410       16.99    52.724   0.630
3FHL_J0558.1-3838       0.0310       19.93   129.543   0.302
3FHL_J1714.4-3829       0.0330       16.07    90.858      0.
3FHL_J1126.7-3828       0.0570       12.84    14.637      0.
3FHL_J1147.0-3812       0.0250       21.62    64.542   1.048
3FHL_J1714.0-3811       0.0390       28.39   825.999      0.
3FHL_J0428.6-3756       0.0110       14.87   122.049   1.110
3FHL_J1259.9-3749       0.0290       28.01    90.638      0.
3FHL_J1359.8-3744       0.0300       28.25   318.726   0.334
3FHL_J0420.4-3744       0.0380       16.47    69.178      0.
3FHL_J1052.9-3743       0.0360       17.76    38.616      0.
3FHL_J1047.9-3738       0.0470       31.19   141.407      0.
3FHL_J2041.9-3734       0.0480       49.28   458.162   0.099
3FHL_J0757.1-3729       0.0370       22.55   124.914      0.
3FHL_J1718.0-3726       0.0170       19.59   505.580      0.
3FHL_J0334.2-3726       0.0210       18.69    77.450      0.
3FHL_J2330.6-3725       0.0630       14.50    18.620   0.279
3FHL_J1513.4-3721       0.0440       23.83    62.206      0.
3FHL_J1232.5-3720       0.0380       21.45    51.998      0.
3FHL_J1401.0-3716       0.0390       19.05    40.325      0.
3FHL_J1220.4-3714       0.0530       15.57    39.676      0.
3FHL_J0322.6-3712e          0.       22.64    85.814      0.
3FHL_J0853.1-3657       0.0230       20.29    65.873      0.
3FHL_J1106.5-3646       0.0290       24.61   106.216   1.080
3FHL_J2258.1-3643       0.0470       17.73    39.531      0.
3FHL_J2309.7-3633       0.0390       24.89    91.276      0.
3FHL_J0804.0-3629       0.0230       19.50    58.372      0.
3FHL_J0523.0-3627       0.0210       20.54  1326.250   0.056
3FHL_J2235.9-3625       0.0650       13.54    16.107      0.
3FHL_J0352.9-3622       0.0500       21.60    73.956      0.
3FHL_J0403.7-3607       0.0760       12.03    12.991   1.417
3FHL_J0237.6-3602       0.0810       42.26   150.147      0.
3FHL_J0931.4-3559       0.0470       13.62    17.711      0.
3FHL_J1125.5-3556       0.0290       25.64   151.838   0.284
3FHL_J0841.3-3554       0.0180       18.59    97.226      0.
3FHL_J1457.5-3538       0.0480       15.24    34.149   1.424
3FHL_J0627.1-3528       0.0250       25.85   533.132   0.055
3FHL_J0059.4-3513       0.0600       12.85    14.155      0.
3FHL_J0212.4-3503       0.0600       25.55    75.086   0.393
3FHL_J1823.6-3454       0.0180       29.11   177.761      0.
3FHL_J1637.8-3448       0.0200       21.55   139.768      0.
3FHL_J1225.4-3447       0.0420       25.43    68.266      0.
3FHL_J1311.7-3430       0.0470       13.33    18.208      0.
3FHL_J1155.5-3418       0.0420       32.50   126.161      0.
3FHL_J0114.9-3359       0.0290       47.01   213.983      0.
3FHL_J1345.5-3356       0.0380       20.87   154.065      0.
3FHL_J2145.1-3354       0.1020       17.93    33.011   1.360
3FHL_J0507.4-3347       0.0440       24.22   162.513      0.
3FHL_J1628.3-3343       0.0290       19.91    49.438      0.
3FHL_J0536.4-3342       0.0200       24.52   115.834      0.
3FHL_J1316.0-3337       0.0410       18.70    96.671   1.210
3FHL_J0614.1-3330       0.0170       14.16    61.252      0.
3FHL_J2036.9-3328       0.0350       25.60    72.298      0.
3FHL_J0747.3-3312       0.0320       17.05    55.159      0.
3FHL_J1427.7-3305       0.0350       17.34    37.071      0.
3FHL_J2118.0-3243       0.0400       20.04    38.499   0.215
3FHL_J1154.1-3243       0.0360       15.44    54.849      0.
3FHL_J0058.0-3234       0.0350       14.49    27.165      0.
3FHL_J1427.7-3216       0.0310       30.73    98.222      0.
3FHL_J0550.5-3215       0.0560       34.69   153.591      0.
3FHL_J0439.5-3200       0.0500       24.13    60.728      0.
3FHL_J0649.5-3138       0.0310       28.34   137.000   0.563
3FHL_J1130.7-3137       0.0370       93.34   514.129      0.
3FHL_J1659.7-3132       0.0540       13.72    22.716      0.
3FHL_J1732.6-3131       0.0280       12.22    16.374      0.
3FHL_J0858.0-3131       0.0330       31.80    83.469      0.
3FHL_J0852.5-3124       0.0360       23.54    77.028      0.
3FHL_J1431.1-3121       0.0480       16.49    50.083      0.
3FHL_J1553.6-3119       0.0350       18.70   123.187      0.
3FHL_J1010.2-3119       0.0190       41.68   414.729   0.143
3FHL_J0238.4-3117       0.0210       28.46   407.767   0.233
3FHL_J0615.3-3116       0.0440       22.72    58.141      0.
3FHL_J0228.0-3101       0.0690       13.14    14.065      0.
3FHL_J1612.3-3100       0.0450       20.88    51.603      0.
3FHL_J0429.9-3100       0.0580       18.06    22.105      0.
3FHL_J1601.0-3052       0.0490       14.13    34.618      0.
3FHL_J1119.8-3047       0.0640       27.00    71.025   0.412
3FHL_J1549.7-3045       0.0410       24.42   102.911      0.
3FHL_J1802.3-3043       0.0490       11.88    14.775      0.
3FHL_J2359.1-3038       0.0230       21.21   111.366   0.165
3FHL_J0241.0-3037       0.0890       21.26    19.850      0.
3FHL_J1223.5-3033       0.0350       27.81    99.738      0.
3FHL_J0930.7-3031       0.0560       38.24    89.489      0.
3FHL_J1745.8-3028e          0.       34.16  1390.300      0.
3FHL_J2158.8-3013       0.0090       18.32   576.383   0.116
3FHL_J1958.3-3011       0.0230       26.08   294.876   0.119
3FHL_J0709.7-3008       0.0480       23.10    66.016      0.
3FHL_J2350.5-3006       0.0490       21.20    49.286   0.224
3FHL_J1731.7-3003       0.0460       17.60    34.109      0.
3FHL_J1347.0-2959       0.0440       22.66    74.209      0.
3FHL_J1747.2-2959       0.0480       14.62    27.040      0.
3FHL_J1625.9-2951       0.0490       15.76    42.619   0.815
3FHL_J1335.3-2950       0.0450       28.17    47.174   0.513
3FHL_J0235.5-2938       0.0410       35.85    62.673      0.
3FHL_J0115.4-2916       0.0550       13.89    22.474      0.
3FHL_J1542.1-2915       0.0330       24.94    70.730      0.
3FHL_J1924.8-2913       0.0320       16.36    34.664   0.353
3FHL_J0849.2-2910       0.0570       18.71    45.734      0.
3FHL_J1748.1-2903       0.0390       12.60    17.537      0.
3FHL_J1745.6-2900       0.0120       18.37   268.543      0.
3FHL_J0644.6-2854       0.0470       17.47    33.463      0.
3FHL_J1746.2-2852       0.0250       15.21    39.966      0.
3FHL_J0338.9-2848       0.0420       21.38    46.227      0.
3FHL_J2159.2-2840       0.0470       21.92    41.857   0.271
3FHL_J0304.3-2833       0.0790       18.75    22.781      0.
3FHL_J1747.2-2822       0.0330       18.33    30.572      0.
3FHL_J1748.6-2816       0.0350       13.20    15.449      0.
3FHL_J0350.8-2814       0.0560       36.73   327.592      0.
3FHL_J1249.2-2809       0.0530       15.74    29.416      0.
3FHL_J2250.7-2806       0.0330       17.23   157.460   0.525
3FHL_J0820.2-2803       0.0590       42.19   218.205      0.
3FHL_J1547.2-2802       0.0980       24.37    49.354      0.
3FHL_J1811.2-2800       0.0380       19.44    51.493      0.
3FHL_J2258.3-2758       0.0610       14.45    26.743   0.926
3FHL_J1057.8-2753       0.0310       25.81    76.322   0.091
3FHL_J0115.9-2746       0.0680       26.94    48.633      0.
3FHL_J2131.0-2746       0.0260       21.34   139.673      0.
3FHL_J0159.8-2740       0.0460       21.46    34.201      0.
3FHL_J1518.0-2731       0.0280       23.96   161.964      0.
3FHL_J1522.6-2731       0.0300       17.94    33.493   1.297
3FHL_J2254.9-2724       0.0500       31.00    63.686   0.333
3FHL_J0120.4-2701       0.0150       21.43   155.707      0.
3FHL_J1447.0-2657       0.0370       29.77    61.786      0.
3FHL_J2234.2-2656       0.0470       18.08    53.961      0.
3FHL_J2050.2-2624       0.0680       12.04    13.217   1.633
3FHL_J1213.2-2618       0.0420       20.02    35.326   0.278
3FHL_J0401.9-2616       0.0710       13.62    14.464   1.920
3FHL_J0316.5-2610       0.0440       20.65    62.302      0.
3FHL_J1744.5-2609       0.0520       19.15    45.862      0.
3FHL_J0622.4-2606       0.0210       24.15   178.181   0.414
3FHL_J1153.7-2553       0.0350       21.37    56.301      0.
3FHL_J0021.4-2550       0.0430       21.50    50.562      0.
3FHL_J1246.6-2548       0.0240       14.52    38.049   0.635
3FHL_J2243.5-2543       0.0380       17.60    57.675   0.774
3FHL_J0947.2-2541       0.0310       22.41   312.040      0.
3FHL_J1753.8-2537       0.0260       14.32    36.327      0.
3FHL_J1741.8-2536       0.0440       25.44   152.955      0.
3FHL_J1046.7-2532       0.0440       20.10    84.839      0.
3FHL_J1625.8-2527       0.0250       16.05    76.626   0.786
3FHL_J1559.9-2526       0.0550       17.39    23.701      0.
3FHL_J1439.4-2524       0.0330       18.23    51.522      0.
3FHL_J0954.2-2520       0.0460       19.97    53.594      0.
3FHL_J0047.6-2517       0.0290       30.74   214.111      0.
3FHL_J2131.8-2515       0.0360       27.27    74.188      0.
3FHL_J1406.2-2508       0.0350       25.87    68.654      0.
3FHL_J0430.2-2507       0.0440       15.87    24.527   0.516
3FHL_J1923.4-2502       0.0360       19.40    55.702      0.
3FHL_J1220.1-2459       0.0610       19.69    53.678      0.
3FHL_J0440.3-2457       0.0450       24.77    68.288   0.600
3FHL_J0054.7-2456       0.0260       23.19   113.344      0.
3FHL_J1801.5-2450       0.0580       12.89    14.947      0.
3FHL_J1748.0-2446       0.0340       14.80    31.242      0.
3FHL_J0338.1-2443       0.0440       29.91    46.682   0.251
3FHL_J2239.5-2439       0.0570       33.02   371.326      0.
3FHL_J0403.2-2428       0.0430       43.14   122.633      0.
3FHL_J1553.8-2425       0.0660       32.43   119.279      0.
3FHL_J1517.6-2422       0.0170       22.28   475.751   0.048
3FHL_J0156.2-2419       0.0580       21.70    46.072      0.
3FHL_J1934.2-2419       0.0470       19.94    60.497      0.
3FHL_J1416.1-2417       0.0410       20.92    72.998   0.136
3FHL_J1828.9-2416       0.0360       33.44   149.799      0.
3FHL_J1304.2-2413       0.0370       16.13    34.080      0.
3FHL_J0303.4-2407       0.0130       23.02   272.736   0.266
3FHL_J0630.9-2406       0.0150       16.60    83.068   1.238
3FHL_J0207.6-2402       0.0490       17.68    29.144      0.
3FHL_J1339.0-2359       0.0390       21.41   138.163   0.657
3FHL_J1800.7-2357       0.0510       14.22    19.472      0.
3FHL_J0345.1-2353       0.0460       18.04    26.505   0.104
3FHL_J1312.7-2350       0.0280       20.56   143.645   0.460
3FHL_J1440.2-2343       0.0560       17.76    22.249      0.
3FHL_J1800.5-2343e          0.       23.15   355.147      0.
3FHL_J0008.4-2339       0.0370       16.96    71.122   0.147
3FHL_J1545.7-2338       0.0520       28.59   183.235      0.
3FHL_J0847.0-2337       0.0240       23.67   491.422   0.059
3FHL_J1809.8-2332       0.0150       13.45    40.771      0.
3FHL_J1103.6-2328       0.0310       41.66   196.638   0.186
3FHL_J1212.1-2328       0.0620       18.70    30.358      0.
3FHL_J1801.6-2327       0.0480       12.12    14.522      0.
3FHL_J0457.0-2324       0.0150       16.23   111.023   1.003
3FHL_J1259.0-2311       0.0430       20.32    67.174   0.481
3FHL_J0123.6-2309       0.0390       32.38   166.360   0.404
3FHL_J0920.9-2256       0.0490       19.16    35.934      0.
3FHL_J1512.1-2254       0.0320       17.01    38.635   0.315
3FHL_J1548.7-2250       0.0220       28.52   435.853   0.192
3FHL_J1156.6-2247       0.0730       15.87    31.786      0.
3FHL_J0825.9-2229       0.0150       18.62   150.587   0.910
3FHL_J1614.6-2229       0.0710       13.12    20.065      0.
3FHL_J1207.8-2228       0.0590       15.05    23.033      0.
3FHL_J0312.5-2221       0.0300       15.78    28.669      0.
3FHL_J0252.8-2218       0.0280       15.47    57.232   1.419
3FHL_J1258.8-2218       0.0520       15.30    32.773   1.303
3FHL_J1006.7-2158       0.0450       17.81    99.350   0.330
3FHL_J1312.5-2156       0.0330       17.85    49.073   1.491
3FHL_J1803.1-2148       0.0390       12.66    21.797      0.
3FHL_J1804.7-2144e          0.       32.42  1829.350      0.
3FHL_J1944.9-2143       0.0260       32.76   240.188      0.
3FHL_J0118.9-2141       0.0430       15.59    48.417   1.165
3FHL_J1159.1-2140       0.0690       15.35    22.204   0.617
3FHL_J2134.5-2130       0.0330       18.11   152.288      0.
3FHL_J0340.6-2120       0.0600       23.21    61.735   0.233
3FHL_J0056.5-2118       0.0480       16.23    33.679      0.
3FHL_J0936.4-2109       0.0630       19.86    55.408      0.
3FHL_J0117.7-2109       0.0650       14.11    24.607   1.490
3FHL_J1833.6-2104       0.0210       14.60    35.225   2.507
3FHL_J0912.9-2103       0.0270       29.47   262.859   0.198
3FHL_J1923.5-2102       0.0680       13.77    25.908   0.874
3FHL_J1125.1-2102       0.0350       19.76    50.946      0.
3FHL_J2138.7-2055       0.0390       41.42   256.927      0.
3FHL_J2359.3-2049       0.0720       19.02    64.177   0.096
3FHL_J1607.9-2039       0.0370       28.55   214.122      0.
3FHL_J0553.5-2034       0.0410       21.62   141.133      0.
3FHL_J1030.6-2029       0.0340       17.76    52.668      0.
3FHL_J2142.5-2029       0.0450       28.11    84.788      0.
3FHL_J1714.0-2028       0.0330       35.17   361.498      0.
3FHL_J2256.6-2011       0.0420       21.41    65.709      0.
3FHL_J1656.9-2010       0.0260       20.82    75.133      0.
3FHL_J1911.3-2007       0.0570       12.49    14.938   1.119
3FHL_J0102.8-2001       0.0710       19.61    54.014      0.
3FHL_J0629.3-1958       0.0370       15.22    32.300   1.724
3FHL_J0702.6-1950       0.0290       19.12    72.475      0.
3FHL_J1441.3-1934       0.0410       15.92    29.531      0.
3FHL_J1602.8-1928       0.0530       18.57    53.921      0.
3FHL_J1811.5-1927       0.0480       18.66   115.249      0.
3FHL_J1917.7-1921       0.0140       26.16   608.551   0.137
3FHL_J0033.5-1921       0.0160       23.11   235.269   0.610
3FHL_J1911.5-1908       0.0310       24.38   144.893      0.
3FHL_J0439.8-1900       0.0390       21.25    53.716      0.
3FHL_J1127.0-1857       0.0180       17.78   114.561   1.048
3FHL_J0022.1-1855       0.0270       23.57    95.520      0.
3FHL_J0013.8-1855       0.0490       18.94    37.217   0.095
3FHL_J1405.8-1854       0.0450       15.53    24.136      0.
3FHL_J0416.5-1852       0.0480       18.30    47.527   1.536
3FHL_J0223.9-1850       0.0480       18.68    25.981      0.
3FHL_J1110.5-1836       0.0400       17.48    76.596      0.
3FHL_J0251.2-1830       0.0460       18.14    33.926      0.
3FHL_J1427.4-1824       0.0540       15.33    30.309      0.
3FHL_J2358.4-1808       0.0510       18.23    28.304      0.
3FHL_J1027.0-1749       0.0290       24.11   157.971   0.267
3FHL_J2000.9-1748       0.0370       25.26   118.036   0.652
3FHL_J0339.2-1736       0.0320       20.85   107.958   0.066
3FHL_J0935.2-1735       0.0400       21.06   129.698      0.
3FHL_J2245.5-1734       0.0630       14.47    18.113      0.
3FHL_J1744.9-1726       0.0200       28.27   164.063      0.
3FHL_J0219.1-1723       0.0580       17.66    29.660   0.128
3FHL_J1344.2-1723       0.0390       12.56    19.384   2.490
3FHL_J2357.4-1717       0.0330       29.52   146.757      0.
3FHL_J0617.6-1715       0.0360       17.19    77.223   0.098
3FHL_J1137.8-1710       0.0330       19.22    80.654   0.600
3FHL_J1726.2-1710       0.0510       17.15    27.075      0.
3FHL_J2236.2-1706       0.0490       17.25    34.633   0.647
3FHL_J0132.6-1655       0.0880       13.32    24.854   1.020
3FHL_J1421.5-1654       0.0790       20.30    81.171      0.
3FHL_J0030.2-1648       0.0320       26.36    97.084   2.100
3FHL_J1849.2-1647       0.0280       29.04   166.084      0.
3FHL_J0325.6-1646       0.0270       25.50   168.273   0.291
3FHL_J0752.4-1633       0.0480       19.02    41.493      0.
3FHL_J0448.7-1632       0.0300       18.25   141.448      0.
3FHL_J2347.9-1630       0.0290       16.28    50.215   0.576
3FHL_J2321.6-1618       0.0460       31.41    90.881      0.
3FHL_J0305.2-1609       0.0590       20.11    39.994      0.
3FHL_J0348.5-1609       0.0680       12.81    14.974      0.
3FHL_J0041.7-1608       0.0570       19.15    45.827      0.
3FHL_J1921.8-1607       0.0240       26.77   197.608      0.
3FHL_J1955.0-1605       0.0320       20.73    42.534      0.
3FHL_J0734.6-1600       0.0510       11.34    13.972      0.
3FHL_J0505.5-1558       0.0630       17.56    39.285      0.
3FHL_J2345.1-1554       0.0170       17.04    69.571   0.621
3FHL_J1924.2-1548       0.0390       18.34    40.470      0.
3FHL_J1648.1-1548       0.0410       23.19    73.002      0.
3FHL_J1503.7-1541       0.0240       21.84    76.938      0.
3FHL_J1439.9-1530       0.0490       19.70    43.005      0.
3FHL_J1547.3-1530       0.0550       16.74    43.296      0.
3FHL_J0709.1-1525       0.0470       32.23   127.890      0.
3FHL_J1830.0-1518       0.0900       47.48   766.919      0.
3FHL_J2158.1-1502       0.0410       18.84    61.141   0.672
3FHL_J1340.0-1501       0.0360       17.81    37.421      0.
3FHL_J0119.0-1458       0.0320       22.26    56.895      0.
3FHL_J1241.8-1455       0.0360       20.42    81.051   0.531
3FHL_J1826.2-1451       0.0180       30.79   163.282      0.
3FHL_J2058.8-1442       0.0600       23.61    37.305      0.
3FHL_J2030.5-1439       0.0400       16.04    43.859      0.
3FHL_J0937.8-1434       0.0390       19.89    55.996      0.
3FHL_J2236.5-1433       0.0210       17.00    65.473   0.325
3FHL_J2015.3-1431       0.0450       17.67    28.398      0.
3FHL_J2150.2-1412       0.0290       30.84   131.030   0.229
3FHL_J1231.1-1411       0.0310       12.48    21.114      0.
3FHL_J1824.5-1351e          0.       33.41   586.636      0.
3FHL_J1151.5-1347       0.0390       20.66    40.506   0.838
3FHL_J2146.5-1343       0.0200       17.76    90.024      0.
3FHL_J1823.3-1339       0.0310       13.91    22.349      0.
3FHL_J1226.9-1328       0.0410       20.98    42.973   0.456
3FHL_J2000.4-1327       0.0480       17.95    47.759   0.222
3FHL_J1915.2-1323       0.0510       61.04   499.329      0.
3FHL_J1532.7-1319       0.0230       17.16    48.381      0.
3FHL_J0816.4-1311       0.0190       23.80   178.185   0.046
3FHL_J1733.0-1304       0.0270       15.64    37.521   0.902
3FHL_J1337.7-1257       0.0610       16.83   139.796   0.539
3FHL_J1826.1-1256       0.0220       13.18    26.397      0.
3FHL_J1332.5-1256       0.0430       15.21    21.943   1.498
3FHL_J0640.0-1254       0.0330       45.95   291.544      0.
3FHL_J1813.4-1245       0.0710       11.64    14.035      0.
3FHL_J1318.8-1234       0.0510       16.43    28.601      0.
3FHL_J2243.7-1232       0.0440       26.71   190.992      0.
3FHL_J1921.3-1231       0.0250       18.93    63.743      0.
3FHL_J1856.1-1221       0.0420       18.68    44.936      0.
3FHL_J0850.0-1214       0.0490       16.72    31.247   0.566
3FHL_J2307.4-1205       0.0590       19.25    72.390      0.
3FHL_J0349.3-1159       0.0290       44.65  1250.170   0.188
3FHL_J1310.3-1158       0.0400       24.86   130.084   0.140
3FHL_J0754.3-1148       0.0220       16.65    93.516      0.
3FHL_J1256.2-1146       0.0240       24.80   333.796   0.058
3FHL_J0829.4-1142       0.0610       20.16    42.543      0.
3FHL_J0730.3-1141       0.0160       15.59    49.264   1.589
3FHL_J1605.0-1140       0.0450       22.61   123.524      0.
3FHL_J2023.6-1140       0.0410       12.55    19.207   0.698
3FHL_J1059.1-1134       0.0240       19.65    85.155      0.
3FHL_J1539.7-1127       0.0370       22.87   116.987      0.
3FHL_J1954.5-1126       0.0790       17.02    24.665   0.683
3FHL_J0223.0-1119       0.0510       16.44    46.456      0.
3FHL_J1735.5-1118       0.0370       22.25    42.578      0.
3FHL_J0503.5-1114       0.0550       27.94    59.360      0.
3FHL_J0856.6-1105       0.0320       18.32    82.691      0.
3FHL_J2039.0-1046       0.0230       17.37    38.454      0.
3FHL_J1833.6-1034       0.0240       19.08    78.477      0.
3FHL_J0814.2-1013       0.0270       21.56    79.347      0.
3FHL_J1514.7-0949       0.0670       17.03    32.932      0.
3FHL_J0802.2-0943       0.0400       19.34    68.939      0.
3FHL_J0056.3-0936       0.0450       29.11   310.408   0.103
3FHL_J0817.8-0933       0.0340       18.24    44.420      0.
3FHL_J0050.7-0929       0.0230       17.01    56.359   0.635
3FHL_J0141.4-0928       0.0280       21.06   145.094   0.730
3FHL_J2131.5-0914       0.0310       26.42   112.733   0.449
3FHL_J1512.8-0906       0.0120       17.96   230.846   0.360
3FHL_J0906.2-0905       0.0590       19.73    30.922      0.
3FHL_J2016.4-0904       0.0210       19.24   106.871   0.367
3FHL_J0506.7-0858       0.0720       18.33    49.089      0.
3FHL_J1748.5-0854       0.0370       39.68   147.761      0.
3FHL_J2156.9-0854       0.0760       14.26    20.509      0.
3FHL_J2024.4-0847       0.0330       18.81    28.648      0.
3FHL_J1834.5-0846e          0.       28.68   663.198      0.
3FHL_J0953.0-0840       0.0180       20.80   112.278      0.
3FHL_J1419.4-0839       0.0360       15.40    39.182      0.
3FHL_J0608.3-0832       0.0960       14.53    46.990   0.870
3FHL_J1550.8-0822       0.0360       24.05    44.083      0.
3FHL_J0127.3-0821       0.0450       16.56    28.595   0.360
3FHL_J2225.8-0803       0.0640       20.85    86.320      0.
3FHL_J1912.1-0802       0.0310       21.01    75.976      0.
3FHL_J0942.1-0758       0.0510       14.49    20.623      0.
3FHL_J0819.4-0756       0.0370       34.06    80.961      0.
3FHL_J1745.4-0752       0.0190       26.71   257.009      0.
3FHL_J1408.9-0751       0.0400       16.57    40.847   1.493
3FHL_J0808.2-0751       0.0200       16.06   130.355   1.837
3FHL_J0001.2-0748       0.0420       23.73    86.975      0.
3FHL_J1125.9-0743       0.0560       24.80    52.166   0.279
3FHL_J2025.7-0735       0.0300       18.28    31.778   1.388
3FHL_J2148.1-0733       0.0420       23.60   127.110      0.
3FHL_J1315.9-0732       0.0320       20.99    63.144      0.
3FHL_J0723.0-0732       0.0570       27.94   147.017      0.
3FHL_J1159.5-0724       0.0580       15.04    24.509      0.
3FHL_J1411.5-0724       0.0480       41.31    99.185      0.
3FHL_J0557.6-0718       0.0790       23.59    83.629      0.
3FHL_J1204.2-0709       0.0280       22.04    82.115   0.184
3FHL_J0826.9-0709       0.0400       25.39    88.835      0.
3FHL_J1834.1-0706e          0.       24.31   313.254      0.
3FHL_J1115.2-0705       0.0530       16.85    22.236      0.
3FHL_J1838.9-0704e          0.       35.54  1640.780      0.
3FHL_J0848.0-0702       0.0430       24.00   144.450      0.
3FHL_J1549.9-0659       0.0230       23.25   127.910      0.
3FHL_J1836.5-0651e          0.       27.25  1646.080      0.
3FHL_J0051.0-0647       0.0620       12.72    24.281   1.975
3FHL_J0211.0-0647       0.0710       17.99    41.923      0.
3FHL_J1643.5-0646       0.0520       31.73   115.121   0.082
3FHL_J1145.9-0637       0.0330       24.83   113.482      0.
3FHL_J0804.9-0623       0.0420       18.12    42.265      0.
3FHL_J1824.3-0621       0.0450       13.60    20.947      0.
3FHL_J0557.3-0616       0.0450       28.97    61.586      0.
3FHL_J1041.9-0558       0.1380       40.35   149.556      0.
3FHL_J1839.4-0553       0.0400       13.21    19.124      0.
3FHL_J0725.7-0548       0.0340       18.58    48.815      0.
3FHL_J1256.1-0547       0.0150       17.27   128.476   0.536
3FHL_J0807.1-0541       0.0310       14.83    48.400      0.
3FHL_J1838.9-0537       0.0310       15.27    49.211      0.
3FHL_J0730.5-0535       0.0430       29.35   154.151      0.
3FHL_J2339.5-0533       0.0450       12.47    39.666      0.
3FHL_J1840.9-0532e          0.       39.43  1006.090      0.
3FHL_J0922.5-0528       0.0390       18.15    36.318   0.974
3FHL_J1704.5-0527       0.0250       31.70   165.219      0.
3FHL_J1511.8-0513       0.0300       22.23    56.694      0.
3FHL_J1332.0-0510       0.0550       13.92    27.029   2.150
3FHL_J0725.5-0504       0.0410       35.90   161.811      0.
3FHL_J2209.7-0451       0.0330       43.99   164.868   2.100
3FHL_J0043.4-0443       0.0640       18.90    68.146      0.
3FHL_J1234.8-0435       0.0580       31.42   163.171      0.
3FHL_J0751.3-0424       0.0760       14.58    20.888      0.
3FHL_J0409.8-0401       0.0640       14.70    19.649      0.
3FHL_J0813.7-0353       0.0570       29.40   211.454      0.
3FHL_J1520.7-0348       0.0250       18.39    62.414      0.
3FHL_J0336.4-0348       0.0450       34.83    79.529   0.159
3FHL_J0803.2-0336       0.0310       32.65   109.863   0.365
3FHL_J1445.0-0326       0.0290       22.36   137.168      0.
3FHL_J0957.9-0318       0.0460       20.99    69.595      0.
3FHL_J2323.4-0317       0.0370       16.65    34.237   1.393
3FHL_J0357.3-0316       0.0700       23.59    72.340      0.
3FHL_J1219.7-0312       0.0470       23.72    84.818   0.299
3FHL_J0709.7-0255       0.0310       17.27    35.164   1.472
3FHL_J2108.8-0251       0.0580       32.06    56.063   0.149
3FHL_J0609.2-0247       0.0250       16.26    65.847      0.
3FHL_J1216.0-0242       0.0400       19.07    40.918   0.359
3FHL_J0359.4-0235       0.0580       20.95    29.764      0.
3FHL_J1418.4-0233       0.0150       20.85   203.940      0.
3FHL_J0909.7-0231       0.0650       23.23    45.568   0.957
3FHL_J0746.3-0225       0.0360       20.41    85.725      0.
3FHL_J0721.1-0223       0.0570       26.69    42.779      0.
3FHL_J2104.2-0212       0.0350       23.97   113.862      0.
3FHL_J0030.5-0210       0.0620       11.86    16.008   2.090
3FHL_J0501.2-0159       0.0470       14.08    23.424   2.291
3FHL_J2134.2-0152       0.0500       19.26    31.026   1.283
3FHL_J0059.3-0152       0.0530       23.79    97.865   0.144
3FHL_J0339.5-0146       0.0330       17.11    43.974   0.850
3FHL_J1233.7-0145       0.0380       23.55    79.948      0.
3FHL_J2015.1-0138       0.0460       17.23    54.625      0.
3FHL_J0253.2-0126       0.0590       26.38    94.275      0.
3FHL_J1055.6-0125       0.0360       33.26   107.377      0.
3FHL_J1218.7-0121       0.0640       18.31    75.790      0.
3FHL_J0423.3-0120       0.0270       16.03    34.605   0.916
3FHL_J1022.7-0113       0.0290       21.34    89.902      0.
3FHL_J0323.6-0109       0.0460       20.67    50.597      0.
3FHL_J0725.8-0056       0.0420       23.37   130.673   0.128
3FHL_J1849.4-0056       0.0310       15.62    35.604      0.
3FHL_J0304.5-0055       0.0340       30.52    84.874   0.511
3FHL_J0526.0-0050       0.0650       14.93    28.326   1.200
3FHL_J2014.4-0047       0.0440       34.79   140.012   0.230
3FHL_J2153.1-0041       0.0280       30.31   237.600   0.341
3FHL_J2156.4-0036       0.0670       20.91    31.386   0.495
3FHL_J1218.0-0028       0.0580       16.80    33.616   0.419
3FHL_J2055.4-0022       0.0450       26.68    72.612   0.440
3FHL_J0442.7-0018       0.0570       15.84    28.165   0.449
3FHL_J1154.1-0010       0.0270       20.30   113.088   0.254
3FHL_J2211.0-0003       0.0380       19.84    68.696   0.362
3FHL_J0242.7-0002       0.0480       14.25    20.847   0.003
3FHL_J2247.5-0000       0.0540       18.27    33.092   0.949
3FHL_J0604.9+0000       0.0370       13.24    19.183      0.
3FHL_J0022.0+0006       0.0350       63.91   180.133      0.
3FHL_J0038.1+0012       0.0590       18.77    37.695   0.740
3FHL_J2055.0+0014       0.0610       24.20   112.173   0.151
3FHL_J1730.7+0022       0.0460       13.54    24.498   1.335
3FHL_J1311.0+0033       0.0450       19.77    67.794      0.
3FHL_J1132.7+0033       0.0290       18.67   139.624   1.223
3FHL_J0424.7+0036       0.0380       20.42   190.306   0.268
3FHL_J2227.8+0036       0.0480       23.80    56.751      0.
3FHL_J1023.7+0040       0.0330       58.03   419.521      0.
3FHL_J1042.8+0055       0.0750       24.02    70.394      0.
3FHL_J1857.0+0059       0.0580       12.81    15.360      0.
3FHL_J0521.6+0104       0.0420       19.25    38.506      0.
3FHL_J0946.2+0104       0.0430       17.82    51.631   0.577
3FHL_J0416.8+0105       0.0290       27.96   256.636   0.287
3FHL_J1855.9+0121e          0.       14.97    42.417      0.
3FHL_J0909.2+0122       0.0670       13.74    15.094   1.024
3FHL_J0148.6+0127       0.0540       15.58    19.787   0.940
3FHL_J1534.8+0131       0.0960       23.10    69.270   1.428
3FHL_J1058.4+0133       0.0220       17.01    51.946   0.890
3FHL_J0108.7+0135       0.0300       13.95    32.295   2.099
3FHL_J0739.3+0137       0.0390       18.23   105.624   0.189
3FHL_J1855.5+0142       0.0470       16.07    29.470      0.
3FHL_J0217.8+0143       0.0290       14.15    50.013   1.715
3FHL_J0152.6+0147       0.0230       24.61   244.798   0.080
3FHL_J0811.4+0147       0.0260       19.76   113.836   1.148
3FHL_J1927.5+0153       0.0500       24.07    80.300      0.
3FHL_J0227.3+0200       0.0500       27.08   136.771   0.457
3FHL_J0909.5+0200       0.0370       20.91    75.890      0.
3FHL_J1229.2+0201       0.0460       14.65    60.513   0.158
3FHL_J1200.3+0201       0.0610       15.11    18.545      0.
3FHL_J1512.2+0203       0.0360       18.18    31.275   0.220
3FHL_J2310.9+0205       0.0460       15.19    28.118      0.
3FHL_J1955.7+0214       0.0370       27.12    89.831      0.
3FHL_J0725.4+0217       0.0480       17.64    44.375      0.
3FHL_J1107.4+0221       0.0490       19.26    35.980      0.
3FHL_J0326.3+0226       0.0380       22.35   167.427   0.147
3FHL_J0811.9+0237       0.0360       27.76   185.236      0.
3FHL_J0049.7+0238       0.0640       16.87    35.414   1.474
3FHL_J1857.7+0246e          0.       34.50  1644.580      0.
3FHL_J0706.1+0247       0.0580       71.05   470.156      0.
3FHL_J1911.5+0310       0.0490       15.74    19.856      0.
3FHL_J0825.7+0311       0.0590       18.44    50.501   0.506
3FHL_J2149.8+0322       0.0730       21.58    59.480      0.
3FHL_J0506.9+0323       0.0400       25.82    97.013      0.
3FHL_J0127.2+0325       0.0370       20.97    83.675      0.
3FHL_J1253.7+0328       0.0500       25.52    71.948   0.066
3FHL_J1917.9+0331       0.0410       33.48   236.236      0.
3FHL_J0256.4+0334       0.0360       18.24   112.582   0.400
3FHL_J1811.3+0341       0.0250       25.16   122.128      0.
3FHL_J0115.5+0358       0.0590       17.61    72.990      0.
3FHL_J1404.9+0401       0.0300       27.88    65.010   0.344
3FHL_J2110.2+0404       0.0650       15.60    24.856      0.
3FHL_J0308.4+0408       0.0390       20.23    43.320   0.029
3FHL_J2050.0+0408       0.0550       15.14    23.037      0.
3FHL_J0505.5+0415       0.0260       20.20   104.422   0.424
3FHL_J0831.8+0429       0.0280       14.52    42.333   0.174
3FHL_J1650.9+0430       0.0380       17.72    63.218      0.
3FHL_J2109.7+0440       0.0750       12.77    14.818      0.
3FHL_J1239.6+0443       0.0530       15.69    26.367   1.761
3FHL_J1419.4+0444       0.0490       15.46    28.809   0.143
3FHL_J1543.6+0452       0.0290       21.98    81.844   0.040
3FHL_J0753.9+0452       0.0590       16.44    24.526      0.
3FHL_J0505.4+0458       0.0370       13.55    19.386   0.954
3FHL_J0848.7+0508       0.0330       29.12    58.892      0.
3FHL_J1016.0+0512       0.0270       17.27   178.927   1.714
3FHL_J1523.2+0533       0.0330       46.21   129.609      0.
3FHL_J0151.0+0539       0.0530       11.24    12.903   0.300
3FHL_J0509.4+0542       0.0170       21.45   159.309      0.
3FHL_J0632.7+0550       0.0630       40.61   577.913      0.
3FHL_J0258.9+0554       0.0550       14.54    29.535      0.
3FHL_J1907.9+0602       0.0180       13.24    34.981      0.
3FHL_J2017.3+0603       0.0360       12.71    18.007      0.
3FHL_J0022.4+0607       0.0380       18.85   138.711      0.
3FHL_J1026.9+0608       0.0440       26.14   102.612   0.449
3FHL_J1440.9+0610       0.0320       17.60    56.952   0.396
3FHL_J1813.5+0614       0.0340       20.47    60.022      0.
3FHL_J1040.5+0618       0.0370       15.47    25.015      0.
3FHL_J0314.3+0620       0.0300       28.19    63.263      0.
3FHL_J1008.0+0622       0.0300       18.84    61.673   0.650
3FHL_J0009.1+0628       0.0380       18.92    12.256      0.
3FHL_J1640.1+0629       0.0390       31.12    58.878      0.
3FHL_J1012.2+0630       0.0420       16.92    44.557   0.727
3FHL_J0633.7+0633       0.0470       12.68    15.820      0.
3FHL_J1226.7+0635       0.0510       25.96   149.074      0.
3FHL_J0658.5+0636       0.0510       22.60    60.853      0.
3FHL_J0350.0+0640       0.0410       43.28   143.263      0.
3FHL_J2014.5+0648       0.0360       23.09    32.913   0.341
3FHL_J1719.1+0654       0.0720       12.80    16.819      0.
3FHL_J0540.2+0654       0.0650       18.93    97.486      0.
3FHL_J0233.5+0657       0.0500       28.21   133.292      0.
3FHL_J2346.6+0705       0.0230       25.33    74.636   0.172
3FHL_J1907.0+0713       0.0460       15.40    26.062      0.
3FHL_J2145.8+0718       0.0580       12.54    18.926   0.237
3FHL_J1933.3+0726       0.0210       27.83   189.893      0.
3FHL_J0031.2+0727       0.0750       18.96    54.346      0.
3FHL_J1104.4+0729       0.0860       15.40    31.518      0.
3FHL_J0532.7+0732       0.0310       15.23    37.428   1.254
3FHL_J0407.4+0740       0.0490       18.11    33.809   1.133
3FHL_J0100.3+0746       0.0290       15.24    38.541      0.
3FHL_J0259.4+0747       0.0280       18.88    50.694   0.893
3FHL_J1855.3+0751       0.0400       40.87   197.735      0.
3FHL_J2324.8+0802       0.0620       17.74    47.654      0.
3FHL_J2052.5+0810       0.0460       26.34    45.635      0.
3FHL_J1506.7+0813       0.0260       22.87   148.351   0.376
3FHL_J1546.1+0818       0.0370       21.93    67.898      0.
3FHL_J2112.7+0819       0.0250       19.40    66.864      0.
3FHL_J0154.0+0823       0.0280       17.49    60.664   0.681
3FHL_J0217.1+0836       0.0420       16.48    36.712   0.085
3FHL_J1623.4+0858       0.0490       15.33    22.143      0.
3FHL_J0747.4+0904       0.0790       21.12    48.471      0.
3FHL_J0316.2+0905       0.0210       21.86   119.708   0.372
3FHL_J1911.0+0905       0.0130       18.83   168.904      0.
3FHL_J1949.5+0906       0.0250       21.51   114.805      0.
3FHL_J1846.4+0919       0.0550       12.25    14.366      0.
3FHL_J0434.7+0921       0.0360       22.69   119.618      0.
3FHL_J0529.2+0935       0.0480       18.46    35.284      0.
3FHL_J1946.0+0937       0.0470       27.53    97.266      0.
3FHL_J1931.1+0937       0.0150       21.78   177.249      0.
3FHL_J1751.5+0938       0.0320       16.84    85.278   0.322
3FHL_J1158.8+0938       0.0900       17.26    25.650      0.
3FHL_J0757.1+0957       0.0320       28.89   237.103   0.266
3FHL_J0802.1+1006       0.0450       20.85    41.009      0.
3FHL_J2145.5+1007       0.0480       25.50    67.147      0.
3FHL_J1722.7+1014       0.0240       22.17   171.860   0.732
3FHL_J0946.5+1017       0.0460       21.48    55.231   1.007
3FHL_J0309.0+1029       0.0410       15.84    42.947   0.863
3FHL_J1504.3+1030       0.0180       15.44    48.657   1.839
3FHL_J1942.7+1033       0.0140       25.42   292.211      0.
3FHL_J0159.5+1047       0.0370       18.19    64.897   0.195
3FHL_J0211.2+1051       0.0180       20.06   396.923   0.200
3FHL_J2035.5+1056       0.0370       15.41    53.285   0.601
3FHL_J1603.8+1103       0.0420       21.42    51.379   0.143
3FHL_J1555.7+1111       0.0090       18.47   265.227      0.
3FHL_J1351.3+1115       0.0250       17.23    41.890      0.
3FHL_J0847.2+1134       0.0240       30.31   108.033   0.199
3FHL_J1315.6+1134       0.0470       15.37    19.390      0.
3FHL_J2232.7+1143       0.0300       13.04    22.514   1.037
3FHL_J0458.0+1151       0.0420       34.22    80.325      0.
3FHL_J1725.0+1152       0.0150       23.31   454.303      0.
3FHL_J1338.9+1153       0.0340       17.65    24.515      0.
3FHL_J1103.1+1156       0.0730       18.77    74.543   0.914
3FHL_J1442.8+1200       0.0310       27.22   293.029   0.163
3FHL_J1719.3+1206       0.0380       26.77   180.207      0.
3FHL_J0045.7+1217       0.0260       22.74    72.426      0.
3FHL_J2115.2+1218       0.0320       40.14   119.159      0.
3FHL_J1230.8+1223       0.0320       32.68   301.478   0.004
3FHL_J1704.2+1234       0.0440       15.68    26.096   0.400
3FHL_J0037.8+1239       0.0460       19.57    81.249   0.089
3FHL_J0600.3+1245       0.0290       26.46   237.894      0.
3FHL_J0338.5+1302       0.0210       20.82    97.163      0.
3FHL_J0700.1+1303       0.0360       19.59    37.862      0.
3FHL_J0759.6+1322       0.0360       23.39    68.110      0.
3FHL_J1830.0+1323       0.0370       19.10    55.803      0.
3FHL_J0114.8+1324       0.0340       20.07    68.827   0.583
3FHL_J1040.9+1341       0.0490       31.35   155.724      0.
3FHL_J0905.5+1357       0.0230       22.35   151.078      0.
3FHL_J1319.5+1404       0.0730       14.81    19.476   0.573
3FHL_J1323.9+1405       0.0340       16.57    35.629      0.
3FHL_J1923.2+1408e          0.       18.65   188.389      0.
3FHL_J1541.7+1413       0.0700       17.28    54.762      0.
3FHL_J1231.4+1422       0.0300       24.26    97.647   0.256
3FHL_J0725.2+1425       0.0220       15.40    37.222   1.038
3FHL_J2334.8+1431       0.0280       15.92    38.790      0.
3FHL_J1410.5+1438       0.0430       23.06    37.254      0.
3FHL_J2314.0+1445       0.0280       26.23   117.340   0.164
3FHL_J1540.7+1448       0.0680       33.32    40.931   0.605
3FHL_J2307.7+1451       0.0590       15.91    32.665   0.503
3FHL_J1548.4+1456       0.0250       18.76    97.176      0.
3FHL_J1107.8+1501       0.0320       17.47    60.051   0.600
3FHL_J0441.6+1504       0.0630       20.25    50.757      0.
3FHL_J0035.2+1514       0.0280       20.25   263.987      0.
3FHL_J0648.7+1517       0.0160       33.08   822.041   0.179
3FHL_J2042.7+1520       0.0510       17.91    39.257      0.
3FHL_J0515.8+1528       0.0210       21.88    68.771      0.
3FHL_J1140.5+1528       0.0330       28.45   126.112   0.244
3FHL_J2245.9+1545       0.0500       27.21    65.723      0.
3FHL_J1142.0+1546       0.0430       18.26    34.160   0.299
3FHL_J1844.4+1547       0.0240       19.05   108.276      0.
3FHL_J1607.0+1550       0.0360       15.97    60.891   0.496
3FHL_J0912.4+1555       0.0350       33.83   212.745   0.212
3FHL_J1402.6+1559       0.0370       23.06   128.721   0.244
3FHL_J2253.9+1608       0.0120       15.07    80.511   0.859
3FHL_J1925.3+1617       0.0720       27.91   282.996      0.
3FHL_J2015.0+1622       0.0390       22.91    46.109      0.
3FHL_J0238.6+1637       0.0210       17.70    76.154   0.940
3FHL_J0538.7+1643       0.1290       21.48    45.719      0.
3FHL_J1406.6+1645       0.0670       21.76    63.247      0.
3FHL_J1503.3+1651       0.0380       26.80    61.329      0.
3FHL_J0430.3+1655       0.0650       17.55    23.159      0.
3FHL_J1331.6+1710       0.0500       16.95    43.099      0.
3FHL_J0250.5+1712       0.0340       29.71   365.840   0.612
3FHL_J2043.2+1713       0.0460       12.98    23.260      0.
3FHL_J1507.2+1722       0.0350       15.57    49.101   0.565
3FHL_J2203.4+1725       0.0310       16.02    62.617   1.076
3FHL_J0536.2+1733       0.0420       17.67    29.739      0.
3FHL_J2143.5+1742       0.0410       17.93   182.526   0.211
3FHL_J0738.1+1742       0.0150       18.42   180.993   0.424
3FHL_J0648.3+1744       0.0520       43.60   337.660      0.
3FHL_J1719.2+1745       0.0280       16.94    42.650   0.137
3FHL_J0633.9+1746       0.0100       12.63    51.937      0.
3FHL_J2352.1+1753       0.0840       16.97    43.107      0.
3FHL_J0510.0+1800       0.0250       16.30    97.821   0.416
3FHL_J2219.1+1806       0.0370       19.25    39.207   1.802
3FHL_J1209.9+1809       0.0360       21.97    39.424   0.845
3FHL_J0109.1+1817       0.0690       14.48    16.736   0.443
3FHL_J2156.0+1818       0.0290       31.14   215.317      0.
3FHL_J0319.8+1845       0.0310       31.30   605.349   0.190
3FHL_J1533.2+1855       0.0290       28.40   282.321   0.307
3FHL_J2121.0+1901       0.0430       15.14    37.282   2.180
3FHL_J0500.6+1903       0.0610       15.84    51.313      0.
3FHL_J1018.1+1906       0.0380       22.17    40.599      0.
3FHL_J0243.3+1915       0.0530       16.13    25.652      0.
3FHL_J0459.3+1921       0.0590       18.12    72.957      0.
3FHL_J1145.0+1935       0.0370       41.65    97.189   0.022
3FHL_J1744.0+1935       0.0370       22.98   108.444   0.084
3FHL_J2031.0+1936       0.0310       21.83   176.838      0.
3FHL_J0422.3+1949       0.0950       31.36    79.447      0.
3FHL_J2142.7+1959       0.0460       27.14    44.106      0.
3FHL_J0854.8+2006       0.0210       19.14   102.679   0.306
3FHL_J1554.2+2010       0.0340       42.90   138.643   0.222
3FHL_J0312.7+2013       0.0430       24.03    34.329      0.
3FHL_J1117.0+2014       0.0240       29.66   251.224   0.138
3FHL_J0232.8+2017       0.0410       35.85   179.884   0.139
3FHL_J2243.9+2020       0.0170       16.52   133.553      0.
3FHL_J1435.5+2021       0.0790       15.80    24.329   0.748
3FHL_J1736.0+2032       0.0290       20.73    63.661      0.
3FHL_J1809.4+2041       0.0450       20.40    64.317      0.
3FHL_J0816.9+2050       0.0390       22.38    56.317   0.058
3FHL_J0902.4+2050       0.0290       16.84    65.784      0.
3FHL_J0029.4+2052       0.0460       25.01    44.560      0.
3FHL_J0650.6+2055       0.0320       28.09   213.352      0.
3FHL_J0856.8+2057       0.0350       21.03   113.048      0.
3FHL_J0521.7+2112       0.0110       18.44   316.786   0.108
3FHL_J2104.5+2117       0.0320       35.11   169.084      0.
3FHL_J1943.9+2117       0.0220       32.72   317.660      0.
3FHL_J1224.9+2122       0.0140       18.64   161.890   0.434
3FHL_J2338.9+2123       0.0280       23.33    75.646   0.291
3FHL_J0045.3+2127       0.0170       25.32   246.753      0.
3FHL_J1819.2+2135       0.0700       13.28    14.764      0.
3FHL_J0318.8+2135       0.0370       22.11    88.647      0.
3FHL_J2200.2+2137       0.0490       15.92    22.987      0.
3FHL_J0534.5+2201       0.0080       22.73  1463.300      0.
3FHL_J1254.4+2210       0.0410       19.01    55.964   0.509
3FHL_J1326.8+2211       0.0650       16.60    33.998   1.398
3FHL_J1054.5+2211       0.0340       19.43    70.472      0.
3FHL_J1002.6+2216       0.0450       29.84   129.741      0.
3FHL_J1321.2+2217       0.0710       14.59    38.506   0.943
3FHL_J0617.2+2234e          0.       19.67   699.505      0.
3FHL_J2030.4+2236       0.0500       17.85    32.354      0.
3FHL_J1500.9+2238       0.0280       21.50    78.558   0.235
3FHL_J0708.9+2240       0.0420       24.46   104.312      0.
3FHL_J0213.0+2242       0.0760       32.09   237.179   0.459
3FHL_J0112.1+2245       0.0150       16.96   119.121   0.265
3FHL_J0138.0+2248       0.0450       29.93    67.877      0.
3FHL_J1716.1+2308       0.0400       23.82    40.930      0.
3FHL_J0908.9+2311       0.0290       19.91    71.142   0.223
3FHL_J0216.4+2315       0.0420       23.52   137.138   0.288
3FHL_J1559.8+2322       0.1020       15.28    22.017      0.
3FHL_J1624.9+2328       0.0810       27.61    73.770      0.
3FHL_J0322.0+2336       0.0220       24.82   122.589      0.
3FHL_J0921.7+2336       0.0360       26.52    51.371      0.
3FHL_J1427.0+2348       0.0100       17.22   253.705      0.
3FHL_J1314.7+2349       0.0370       16.82    57.384      0.
3FHL_J0820.9+2353       0.0410       24.93    55.243   0.402
3FHL_J2212.0+2356       0.0410       19.94    45.474   1.125
3FHL_J1043.1+2409       0.0420       17.60    42.206   0.560
3FHL_J2255.2+2410       0.0360       24.34   108.771      0.
3FHL_J1109.3+2412       0.0490       21.96    36.740   1.221
3FHL_J0204.3+2417       0.0480       14.67    18.664      0.
3FHL_J1150.3+2418       0.0560       15.57    49.881   0.200
3FHL_J1808.7+2420       0.0470       25.13    54.728      0.
3FHL_J2216.9+2420       0.0530       16.43    22.752   0.505
3FHL_J1515.9+2423       0.0590       19.68    34.803      0.
3FHL_J0501.0+2425       0.0440       18.90    35.626      0.
3FHL_J2042.0+2428       0.0330       30.92   356.791   0.104
3FHL_J1303.0+2435       0.0420       16.92    36.579   0.993
3FHL_J1224.4+2436       0.0270       28.97   232.410   0.219
3FHL_J1958.1+2437       0.0320       31.47   113.693      0.
3FHL_J1212.2+2439       0.1050       12.38    11.896      0.
3FHL_J1753.9+2442       0.0630       15.87    23.616      0.
3FHL_J0219.0+2445       0.0330       24.59    51.533      0.
3FHL_J1443.9+2502       0.0210       17.16    58.373   0.939
3FHL_J0650.7+2503       0.0150       22.58   442.312   0.203
3FHL_J0221.4+2512       0.0530       13.43    16.417      0.
3FHL_J0701.5+2512       0.0490       39.01   138.433      0.
3FHL_J1443.5+2515       0.0400       27.81    53.430   0.529
3FHL_J1230.2+2517       0.0230       18.00    76.139   0.135
3FHL_J0115.8+2519       0.0260       22.66    88.599   0.358
3FHL_J1418.0+2543       0.0270       31.53   265.918   0.237
3FHL_J1136.8+2549       0.0370       31.38   151.464   0.156
3FHL_J0232.9+2609       0.0530       18.23    46.337      0.
3FHL_J0327.6+2619       0.0490       14.57    17.704      0.
3FHL_J1850.4+2631       0.0560       35.80   138.499      0.
3FHL_J1517.0+2638       0.0510       16.79    25.963      0.
3FHL_J0134.4+2638       0.0320       24.82   242.259      0.
3FHL_J0620.6+2645       0.0320       35.68   448.645      0.
3FHL_J1748.1+2703       0.0430       22.85    31.283      0.
3FHL_J0758.9+2705       0.0780       20.02   233.368      0.
3FHL_J0144.5+2705       0.0180       17.12    47.318      0.
3FHL_J1508.7+2708       0.0480       25.66    64.626   0.270
3FHL_J2321.9+2735       0.0690       13.73    32.970   1.253
3FHL_J1539.8+2744       0.0600       23.57    62.736   2.196
3FHL_J1449.5+2745       0.0410       29.45    60.921   0.227
3FHL_J0440.8+2749       0.0430       15.46    24.652      0.
3FHL_J0537.6+2751e          0.       26.70   257.465      0.
3FHL_J0854.1+2752       0.0420       32.91    84.735      0.
3FHL_J2212.6+2759       0.0410       16.03    51.206      0.
3FHL_J0912.2+2800       0.0710       15.48    26.539      0.
3FHL_J0611.7+2803       0.0420       15.56    19.834      0.
3FHL_J1800.2+2813       0.0420       17.97    37.622      0.
3FHL_J2220.5+2813       0.0420       30.71   101.275      0.
3FHL_J1221.5+2813       0.0220       22.04   361.593   0.102
3FHL_J1925.0+2815       0.0310       24.02   245.912      0.
3FHL_J0818.4+2816       0.1220       18.80    38.083      0.
3FHL_J0653.7+2817       0.0560       14.30    28.908      0.
3FHL_J0812.5+2821       0.0700       17.73    34.786      0.
3FHL_J2236.3+2826       0.0340       17.95    39.439   0.790
3FHL_J1954.3+2835       0.0250       13.62    38.288      0.
3FHL_J1152.1+2837       0.0590       24.77   130.859      0.
3FHL_J0524.5+2838       0.0370       25.29    59.057   1.500
3FHL_J2317.8+2839       0.0330       42.32   172.430      0.
3FHL_J0429.7+2845       0.0490       16.34    66.096      0.
3FHL_J1958.6+2846       0.0310       13.09    18.707      0.
3FHL_J1231.7+2847       0.0180       19.77    75.095   0.236
3FHL_J0237.8+2847       0.0260       15.20    35.383   1.206
3FHL_J1910.8+2856       0.0310       24.48    98.788      0.
3FHL_J0433.6+2905       0.0180       19.64    84.273   0.970
3FHL_J1841.3+2909       0.0300       23.39   184.520      0.
3FHL_J1001.2+2910       0.0560       17.73    92.799   0.558
3FHL_J1809.8+2911       0.0250       19.45    62.231      0.
3FHL_J1159.5+2914       0.0190       16.52    48.017   0.729
3FHL_J0333.7+2916       0.0250       19.70   111.070      0.
3FHL_J2053.8+2922       0.0270       19.13   120.552      0.
3FHL_J1712.8+2932       0.0480       17.97    67.060      0.
3FHL_J0915.9+2933       0.0190       20.96   149.067      0.
3FHL_J2115.2+2933       0.0370       16.97    26.056   1.514
3FHL_J0814.5+2941       0.0570       20.97    60.136   1.083
3FHL_J1323.0+2941       0.0240       22.94    58.872      0.
3FHL_J0018.6+2946       0.0310       29.20   127.317   0.100
3FHL_J1023.8+3002       0.0610       27.91   106.047      0.
3FHL_J1217.9+3006       0.0120       22.05   466.498   0.130
3FHL_J1221.3+3010       0.0140       22.17   513.196   0.184
3FHL_J1531.9+3016       0.0490       20.44    53.441   0.065
3FHL_J2051.0+3040e          0.       20.92   108.937      0.
3FHL_J0203.8+3044       0.0430       16.81    44.960   0.761
3FHL_J0623.3+3045       0.0300       19.82   101.284      0.
3FHL_J0559.6+3045       0.0470       20.40    99.139      0.
3FHL_J0501.6+3047       0.0530       20.67    99.781      0.
3FHL_J1702.6+3113       0.0360       19.74    71.582      0.
3FHL_J2157.4+3126       0.0440       18.97    54.596   1.486
3FHL_J2144.2+3132       0.0340       17.23    85.010      0.
3FHL_J1834.2+3136       0.0460       18.50    46.303      0.
3FHL_J2300.3+3136       0.0270       19.00   133.835      0.
3FHL_J1836.4+3137       0.0430       27.62    61.322      0.
3FHL_J1522.1+3144       0.0190       14.85    50.617   1.489
3FHL_J1813.5+3144       0.0460       19.07    31.116   0.117
3FHL_J1627.3+3148       0.0400       21.67    38.896      0.
3FHL_J2023.3+3154       0.0400       16.63    70.634   0.356
3FHL_J0409.4+3201       0.0410       22.49   251.473      0.
3FHL_J2321.8+3204       0.0340       14.11    25.075   1.489
3FHL_J0112.9+3208       0.0450       18.13    37.380   0.603
3FHL_J1754.1+3212       0.0190       21.22   105.591      0.
3FHL_J0253.5+3216       0.0370       15.49    89.256      0.
3FHL_J1841.7+3217       0.0290       17.03    53.013      0.
3FHL_J1848.5+3217       0.0490       17.32    25.433   0.798
3FHL_J1310.5+3221       0.0300       15.34    44.837   0.997
3FHL_J0433.1+3227       0.0300       25.44    62.049      0.
3FHL_J0817.8+3243       0.0420       15.48    37.380      0.
3FHL_J1848.5+3243       0.0560       13.38    14.206      0.
3FHL_J1952.8+3253       0.0260       13.16    30.287      0.
3FHL_J0549.1+3258       0.0380       21.90    56.345      0.
3FHL_J0730.4+3307       0.0400       23.49    82.712   0.112
3FHL_J0719.4+3307       0.0250       16.38    50.294   0.779
3FHL_J0158.8+3314       0.0580       17.72    28.223      0.
3FHL_J1643.7+3317       0.0440       17.41    43.946      0.
3FHL_J0622.9+3326       0.0240       20.31   115.721   1.062
3FHL_J0910.5+3329       0.0230       27.17   154.244   0.354
3FHL_J2116.2+3339       0.0170       19.05    77.617   1.596
3FHL_J2004.2+3339       0.0260       19.82    69.544      0.
3FHL_J2027.0+3343       0.0280       65.29   681.561      0.
3FHL_J0302.6+3354       0.0470       19.69    41.834      0.
3FHL_J1613.6+3411       0.1120       15.03    19.358   1.399
3FHL_J1533.2+3416       0.0520       18.38    28.720      0.
3FHL_J0123.0+3422       0.0380       27.63   275.160   0.272
3FHL_J0043.8+3425       0.0180       20.63   109.971   0.966
3FHL_J2311.0+3426       0.0310       14.75    41.344   1.817
3FHL_J1220.0+3432       0.0460       18.34    43.430      0.
3FHL_J2322.6+3436       0.0410       30.76   166.199   0.098
3FHL_J0502.5+3438       0.0640       12.43    17.318      0.
3FHL_J2343.6+3439       0.0290       24.36    72.660   0.366
3FHL_J2026.7+3449       0.0360       19.41    28.797      0.
3FHL_J0850.6+3454       0.0390       21.04    37.628   0.145
3FHL_J1006.9+3455       0.0410       21.19    83.728   0.612
3FHL_J1950.5+3457       0.0390       18.77    29.452      0.
3FHL_J0809.7+3457       0.0360       38.73   264.230   0.083
3FHL_J1626.2+3515       0.0490       26.75    50.332   0.497
3FHL_J0208.6+3522       0.0430       21.93    67.576   0.318
3FHL_J0839.6+3541       0.0480       19.54    44.992      0.
3FHL_J1418.4+3542       0.0240       16.75    50.119      0.
3FHL_J0221.1+3556       0.0170       19.25   101.521   0.944
3FHL_J1447.9+3608       0.0220       20.42   140.398      0.
3FHL_J2127.7+3612       0.0250       17.10    40.151      0.
3FHL_J0312.8+3614       0.0460       34.91   140.106   0.071
3FHL_J1425.0+3614       0.0320       21.56    68.845      0.
3FHL_J1127.8+3615       0.0500       16.27    20.872      0.
3FHL_J1820.4+3623       0.0320       20.36    55.788      0.
3FHL_J1904.1+3627       0.0310       26.92   170.155      0.
3FHL_J1243.2+3627       0.0150       23.04   148.783   1.065
3FHL_J0820.2+3640       0.0490       24.19    68.951      0.
3FHL_J1257.2+3645       0.0380       22.06    51.550      0.
3FHL_J2021.1+3651       0.0160       12.81    38.568      0.
3FHL_J2108.1+3655       0.0430       14.66    24.579      0.
3FHL_J2142.3+3659       0.0500       16.69    25.977      0.
3FHL_J1128.9+3704       0.0510       20.74    52.940      0.
3FHL_J2304.7+3705       0.0240       22.25   153.539      0.
3FHL_J1925.4+3706       0.0500       15.16    26.717      0.
3FHL_J1033.7+3707       0.0450       25.73    54.061      0.
3FHL_J1354.4+3708       0.0320       21.56    84.177      0.
3FHL_J1249.8+3708       0.0330       25.59   570.986      0.
3FHL_J2015.9+3712       0.0300       24.92   258.840      0.
3FHL_J1730.8+3715       0.0360       16.17    28.453   0.204
3FHL_J1534.9+3716       0.0330       20.47    62.995      0.
3FHL_J1458.7+3722       0.0560       13.40    17.806   0.333
3FHL_J1506.0+3732       0.0700       14.41    26.617   0.673
3FHL_J1109.7+3735       0.0370       23.46    55.165   0.397
3FHL_J0726.7+3735       0.0750       14.75    26.174      0.
3FHL_J1032.7+3737       0.0350       23.40    70.281   0.528
3FHL_J1423.1+3738       0.0330       19.05   101.067      0.
3FHL_J0233.0+3742       0.0490       26.92    48.156      0.
3FHL_J0706.5+3744       0.0180       22.31   146.271      0.
3FHL_J1918.1+3752       0.0400       26.30    73.924      0.
3FHL_J2329.2+3755       0.0240       22.01   142.132   0.264
3FHL_J0041.5+3759       0.0400       31.56    78.528   0.380
3FHL_J0121.8+3808       0.0420       20.25    59.495      0.
3FHL_J1635.2+3808       0.0280       12.65    24.364   1.814
3FHL_J1104.4+3812       0.0080       19.90  1726.510   0.030
3FHL_J2250.0+3825       0.0230       40.95   912.930   0.119
3FHL_J2358.5+3829       0.0580       18.24    57.301      0.
3FHL_J0805.9+3834       0.0570       13.86    24.313      0.
3FHL_J1412.0+3835       0.0590       18.28    38.614      0.
3FHL_J0601.0+3837       0.0260       26.89   112.444      0.
3FHL_J2018.5+3851       0.0310       13.93    38.156      0.
3FHL_J0528.4+3851       0.0380       27.14    41.844      0.
3FHL_J1734.4+3858       0.0590       17.38    36.726   0.976
3FHL_J1236.3+3858       0.0620       19.02    25.507      0.
3FHL_J0342.2+3858       0.0490       14.93    26.217   0.945
3FHL_J1041.7+3900       0.0560       17.38    51.458   0.210
3FHL_J0136.5+3906       0.0120       17.31   250.610      0.
3FHL_J0334.3+3920       0.0560       37.61   369.906   0.021
3FHL_J1944.2+3920       0.0570       16.77    26.980      0.
3FHL_J1439.3+3931       0.0300       23.04   117.545   0.344
3FHL_J1051.4+3942       0.0450       20.49    89.870   0.498
3FHL_J1105.8+3944       0.0480       15.92    41.485   0.099
3FHL_J1653.8+3945       0.0090       21.08  1535.600   0.033
3FHL_J1640.6+3945       0.0350       13.80    19.817   1.660
3FHL_J0047.9+3947       0.0260       21.44   146.748   0.252
3FHL_J1642.9+3948       0.0460       22.94    58.478   0.593
3FHL_J1745.6+3950       0.0420       30.66    60.358   0.267
3FHL_J1311.7+3954       0.0490       21.43    43.752      0.
3FHL_J2109.6+3954       0.0310       25.27   118.734      0.
3FHL_J2325.2+3957       0.0280       16.38    38.279      0.
3FHL_J1146.9+3957       0.0320       17.26    43.128      0.
3FHL_J1341.2+3959       0.0710       28.78   101.768   0.172
3FHL_J0838.5+4006       0.0660       15.60    26.204      0.
3FHL_J0420.2+4011       0.0430       30.22   243.837      0.
3FHL_J0651.1+4015       0.0350       19.50   158.604      0.
3FHL_J1100.3+4020       0.0280       18.93    60.221   0.225
3FHL_J1652.7+4024       0.0450       19.88    32.318   0.240
3FHL_J2021.5+4026       0.0280       12.10    17.891      0.
3FHL_J2252.0+4031       0.0290       21.98   151.467   0.229
3FHL_J2021.0+4031e          0.       26.68   626.153      0.
3FHL_J2356.2+4035       0.0300       29.01   417.861   0.131
3FHL_J1154.0+4038       0.0400       22.98    48.680   0.916
3FHL_J0823.3+4043       0.0530       14.81    29.372   0.866
3FHL_J1518.5+4044       0.0330       18.19    64.855   0.065
3FHL_J0040.3+4049       0.0370       50.59   118.511      0.
3FHL_J2300.0+4054       0.0460       22.62    60.787      0.
3FHL_J2244.2+4057       0.0280       16.23    54.943   1.171
3FHL_J1101.4+4107       0.0340       24.91    81.737      0.
3FHL_J2028.6+4110e          0.       27.70  1509.100      0.
3FHL_J0733.7+4111       0.0590       15.43    24.184      0.
3FHL_J1209.3+4118       0.0310       18.89    46.378   1.336
3FHL_J1033.1+4118       0.0670       14.25    29.523   1.117
3FHL_J0316.6+4120       0.0290       57.13  1723.990   0.019
3FHL_J2241.2+4120       0.0500       13.86    30.325   0.520
3FHL_J0612.8+4122       0.0170       16.87    88.249      0.
3FHL_J2032.2+4127       0.0200       13.79    65.179      0.
3FHL_J0340.3+4129       0.0380       12.83    22.064      0.
3FHL_J0319.8+4130       0.0100       17.16   221.549   0.018
3FHL_J0423.8+4149       0.0160       16.78   103.449      0.
3FHL_J0828.3+4153       0.0430       32.02    62.661   0.226
3FHL_J1150.5+4154       0.0170       19.68    67.360      0.
3FHL_J2151.5+4155       0.0380       15.40    42.131      0.
3FHL_J2323.8+4210       0.0180       21.18   230.898   0.059
3FHL_J1120.8+4212       0.0150       25.44   281.975   0.124
3FHL_J2202.7+4216       0.0130       18.46   151.705   0.069
3FHL_J0411.0+4217       0.0480       19.29    42.779      0.
3FHL_J0818.2+4222       0.0220       16.17    51.264   0.530
3FHL_J0049.0+4224       0.0570       23.73    76.262      0.
3FHL_J1012.6+4228       0.0430       27.61    94.516   0.365
3FHL_J0218.3+4230       0.0540       13.19    18.034      0.
3FHL_J0656.2+4235       0.0480       31.17    91.828   0.059
3FHL_J1428.5+4240       0.0180       29.81   202.799   0.129
3FHL_J1848.9+4247       0.0420       25.48    87.299      0.
3FHL_J0222.6+4302       0.0100       17.34   264.467      0.
3FHL_J1309.4+4305       0.0180       21.57   113.081   0.691
3FHL_J1824.5+4310       0.0360       21.50    43.682   0.487
3FHL_J2207.1+4315       0.0370       14.68    26.324      0.
3FHL_J1709.5+4318       0.0350       19.18    48.043   1.027
3FHL_J1403.4+4319       0.0370       31.16    53.198      0.
3FHL_J1748.9+4321       0.0280       18.20    55.707      0.
3FHL_J0611.2+4325       0.0320       22.52    52.655      0.
3FHL_J0039.2+4330       0.0470       13.61    18.676      0.
3FHL_J0110.9+4346       0.0820       14.65    16.340      0.
3FHL_J1442.2+4348       0.0590       16.16    27.305      0.
3FHL_J2001.2+4353       0.0130       19.93   155.733      0.
3FHL_J0854.3+4408       0.0460       18.91    62.209      0.
3FHL_J1340.5+4410       0.0870       27.69    94.074   0.546
3FHL_J2247.9+4413       0.0240       26.94   169.868      0.
3FHL_J1247.0+4421       0.0560       18.89    34.394   0.600
3FHL_J1914.0+4438       0.0340       24.97    66.760      0.
3FHL_J0625.3+4438       0.0360       18.43    38.806      0.
3FHL_J0920.8+4442       0.0470       14.32    31.088   2.186
3FHL_J2302.6+4442       0.0400       12.67    17.779      0.
3FHL_J0209.2+4448       0.0490       20.25    37.256      0.
3FHL_J1345.5+4452       0.0200       15.17    50.301   2.534
3FHL_J0055.8+4507       0.0440       15.50    45.041      0.
3FHL_J0654.4+4514       0.0310       19.75    79.200   0.928
3FHL_J0503.6+4518       0.0300       22.62    51.934      0.
3FHL_J0950.3+4553       0.0330       26.76    82.992   0.399
3FHL_J2111.4+4605       0.0350       12.68    21.700      0.
3FHL_J2012.0+4629       0.0200       18.01    89.885      0.
3FHL_J0903.2+4650       0.0580       15.76    24.582   1.462
3FHL_J2102.3+4703       0.0300       16.93    54.585      0.
3FHL_J0007.9+4711       0.0200       17.19    68.152   0.280
3FHL_J1615.4+4711       0.0500       16.51    38.883   0.199
3FHL_J1637.7+4716       0.0470       14.85    37.806   0.735
3FHL_J0303.5+4716       0.0260       20.09    68.696      0.
3FHL_J1740.0+4737       0.0520       16.75    30.714   0.952
3FHL_J0607.4+4739       0.0190       18.48   100.726      0.
3FHL_J0136.9+4751       0.0270       15.29    41.013   0.859
3FHL_J1503.3+4758       0.0370       26.86   252.787   0.344
3FHL_J1838.8+4802       0.0150       24.45   149.170      0.
3FHL_J1657.8+4808       0.0400       16.40    46.867   1.669
3FHL_J0533.3+4822       0.0330       14.04    51.298   1.160
3FHL_J0754.8+4822       0.0280       19.63    47.630   0.377
3FHL_J1312.6+4828       0.0220       19.80    59.971   0.501
3FHL_J1415.6+4830       0.0270       24.09    68.188   0.496
3FHL_J0102.8+4838       0.0460       13.69    17.151      0.
3FHL_J1829.4+4845       0.0400       24.33    66.726   0.695
3FHL_J0850.0+4855       0.0250       17.76   106.115      0.
3FHL_J1852.3+4855       0.0330       16.14    39.211   1.250
3FHL_J0106.5+4856       0.0700       12.68    17.160      0.
3FHL_J2036.0+4901       0.0460       25.84    99.956      0.
3FHL_J0954.2+4912       0.0340       24.60    62.274   0.380
3FHL_J0307.4+4916       0.0220       18.48    73.487      0.
3FHL_J1015.0+4926       0.0100       23.71   656.667   0.212
3FHL_J1153.2+4929       0.0600       16.26    38.643   0.334
3FHL_J1053.6+4930       0.0370       29.70   108.189   0.140
3FHL_J1124.9+4933       0.0280       18.40    74.234      0.
3FHL_J2056.7+4940       0.0160       27.88   655.578      0.
3FHL_J0113.5+4948       0.0340       17.85    38.616   0.389
3FHL_J1647.6+4950       0.0280       18.91    81.925   0.047
3FHL_J0930.4+4952       0.0460       29.46   176.151   0.187
3FHL_J2016.3+4953       0.0270       20.87   139.326      0.
3FHL_J1739.4+4955       0.0340       17.77    44.031   1.545
3FHL_J1439.8+4957       0.0410       16.77    26.162      0.
3FHL_J1215.1+5002       0.0300       18.33    43.077   1.381
3FHL_J1603.8+5010       0.0520       24.15    43.252   0.621
3FHL_J1728.3+5013       0.0150       27.42   721.812   0.055
3FHL_J0929.3+5013       0.0280       16.97   177.012      0.
3FHL_J0009.4+5030       0.0180       17.04    72.762      0.
3FHL_J0712.7+5032       0.0250       22.85   154.615   0.502
3FHL_J0654.3+5042       0.0360       14.92    24.464   1.253
3FHL_J1031.3+5053       0.0200       28.76   167.452   0.361
3FHL_J1333.7+5056       0.0640       19.24    28.634   1.362
3FHL_J0849.9+5108       0.0370       15.57    51.028   0.583
3FHL_J2321.4+5112       0.0400       15.97    37.825      0.
3FHL_J1454.5+5124       0.0190       18.24    78.490      0.
3FHL_J1248.8+5128       0.0290       27.51   150.493      0.
3FHL_J1213.0+5128       0.0590       28.67   241.387   0.796
3FHL_J0248.6+5132       0.0230       15.53    46.754      0.
3FHL_J2215.6+5134       0.0390       14.83    39.312      0.
3FHL_J0856.8+5136       0.0340       71.92   107.248      0.
3FHL_J2347.0+5142       0.0130       31.39   652.312   0.044
3FHL_J0214.5+5145       0.0530       49.74   378.216   0.049
3FHL_J0733.4+5152       0.0390       36.11   171.400      0.
3FHL_J0148.2+5201       0.0240       23.56   107.724      0.
3FHL_J1450.9+5202       0.0410       14.48    21.018   2.471
3FHL_J1740.4+5210       0.0580       15.57    36.696   1.381
3FHL_J0809.8+5218       0.0120       22.58   271.575   0.138
3FHL_J2039.4+5219       0.0290       24.72    93.120   0.053
3FHL_J1630.7+5221       0.0250       17.51    67.760      0.
3FHL_J1649.4+5235       0.0350       17.66    35.939      0.
3FHL_J0500.3+5238       0.0280       26.41   213.857      0.
3FHL_J1411.8+5249       0.0460       24.37    79.349   0.076
3FHL_J1253.1+5300       0.0160       18.88   155.625      0.
3FHL_J0844.2+5312       0.0410       18.69    55.585      0.
3FHL_J0602.0+5316       0.0290       21.67    87.862   0.052
3FHL_J1534.9+5320       0.0390       28.92    48.858   0.890
3FHL_J1810.7+5333       0.0510       15.44    36.042      0.
3FHL_J0103.5+5337       0.0240       19.85   149.896      0.
3FHL_J1740.7+5346       0.0590       15.92    31.815   0.400
3FHL_J2229.4+5349       0.0320       27.58   104.787      0.
3FHL_J0753.1+5354       0.0320       18.69   105.171   0.200
3FHL_J1118.0+5355       0.0250       20.53    93.947      0.
3FHL_J1829.4+5402       0.0340       20.66   106.311      0.
3FHL_J0926.4+5411       0.0570       27.22    84.727   0.850
3FHL_J1419.7+5423       0.0340       21.11   113.941   0.153
3FHL_J2308.8+5424       0.0410       24.12    94.493      0.
3FHL_J1705.3+5434       0.0480       23.02    74.628      0.
3FHL_J2347.9+5435       0.0280       22.66   116.419      0.
3FHL_J0742.5+5444       0.0250       17.33    55.160   0.723
3FHL_J0047.9+5448       0.0370       46.15   605.899      0.
3FHL_J0259.5+5453       0.0560       17.29    38.566      0.
3FHL_J1756.3+5522       0.0290       22.04    67.196      0.
3FHL_J0957.6+5523       0.0120       18.21   145.882   0.896
3FHL_J0851.6+5527       0.0580       13.72    18.150      0.
3FHL_J0427.2+5533e          0.       35.32   889.351      0.
3FHL_J1903.2+5540       0.0140       20.35   144.391      0.
3FHL_J0131.1+5546       0.0720       15.04    52.210   0.036
3FHL_J0015.7+5551       0.0340       31.18   167.578      0.
3FHL_J1509.8+5556       0.0340       18.78    40.673   1.680
3FHL_J1558.8+5626       0.0440       17.08    26.732   0.300
3FHL_J1058.6+5628       0.0150       22.63   165.222   0.143
3FHL_J1606.2+5629       0.0400       23.95   155.479   0.450
3FHL_J0250.7+5631       0.0340       19.90    50.502      0.
3FHL_J1436.9+5639       0.0230       24.22   135.679   0.150
3FHL_J1824.0+5651       0.0320       19.38    54.218   0.663
3FHL_J0353.1+5655       0.0410       25.01   260.513      0.
3FHL_J0550.9+5657       0.0480       20.27    57.763      0.
3FHL_J0047.0+5657       0.0440       17.99    58.898   0.747
3FHL_J0617.3+5701       0.0280       21.55    73.135      0.
3FHL_J1245.0+5709       0.0430       12.79    23.986      0.
3FHL_J0414.7+5711       0.0450       20.89    50.729      0.
3FHL_J1037.6+5711       0.0150       16.95    75.918      0.
3FHL_J0451.9+5720       0.0410       19.07    27.690      0.
3FHL_J1530.9+5736       0.0420       17.80    44.610   1.100
3FHL_J0816.4+5739       0.0250       25.11   108.071   0.054
3FHL_J1422.6+5801       0.0390       22.30    48.446   0.635
3FHL_J0014.7+5801       0.0270       25.55   160.817      0.
3FHL_J1632.2+5801       0.0530       30.45   140.220      0.
3FHL_J1131.6+5809       0.0730       18.14    40.059   0.360
3FHL_J0137.9+5815       0.0230       22.91   380.922      0.
3FHL_J1248.3+5820       0.0120       17.11   251.789      0.
3FHL_J0540.5+5823       0.0220       30.35   289.362      0.
3FHL_J0102.8+5825       0.0200       16.21   152.911   0.644
3FHL_J2323.4+5848       0.0120       24.13   662.123      0.
3FHL_J1725.4+5851       0.0350       18.93    35.022   0.297
3FHL_J2301.9+5855e          0.       30.18   364.828      0.
3FHL_J1151.5+5858       0.0210       19.68    71.563      0.
3FHL_J2238.4+5901       0.0400       13.05    25.663      0.
3FHL_J0710.4+5908       0.0190       22.41   178.889   0.125
3FHL_J1020.3+5913       0.0920       12.45    15.849      0.
3FHL_J1836.3+5925       0.0180       12.53    26.018      0.
3FHL_J0806.5+5930       0.0440       23.88   146.122      0.
3FHL_J1742.5+5946       0.0440       21.44    51.355   0.400
3FHL_J0035.9+5950       0.0120       27.57   247.621      0.
3FHL_J0925.8+5958       0.0410       19.63    67.576      0.
3FHL_J0545.8+6015       0.0400       15.18    22.111      0.
3FHL_J1550.7+6027       0.0510       24.95   103.304      0.
3FHL_J1203.1+6030       0.0470       26.13   104.471   0.065
3FHL_J0348.3+6035       0.0270       22.53   212.905      0.
3FHL_J0644.4+6038       0.0380       19.82    50.686      0.
3FHL_J1034.0+6051       0.0250       14.80    35.696   1.401
3FHL_J1220.4+6053       0.0690       15.74    34.377      0.
3FHL_J2329.7+6101       0.0330       19.43   143.735      0.
3FHL_J0506.0+6113       0.0310       31.98   141.787      0.
3FHL_J0240.5+6113       0.0130       16.73   223.069      0.
3FHL_J2229.0+6114       0.0160       13.90    33.036      0.
3FHL_J1927.6+6117       0.0290       20.11    86.606      0.
3FHL_J0014.9+6118       0.0340       15.86    34.407      0.
3FHL_J0131.1+6120       0.0160       25.35   258.216      0.
3FHL_J1208.1+6120       0.0610       17.26    48.257   0.275
3FHL_J1143.1+6121       0.0520       16.77    31.118   0.049
3FHL_J1258.3+6121       0.0870       15.68    69.613   0.224
3FHL_J1543.0+6129       0.0140       16.99    67.314   0.507
3FHL_J0442.6+6142       0.0300       26.50   115.687      0.
3FHL_J0940.5+6149       0.0430       28.33    66.819   0.211
3FHL_J1926.9+6154       0.0170       19.65    95.928      0.
3FHL_J1253.9+6242       0.0460       23.12    48.505   0.868
3FHL_J1626.4+6257       0.0440       19.91    49.397      0.
3FHL_J2002.6+6304       0.0430       25.08    51.525      0.
3FHL_J0331.9+6307       0.0340       20.37    54.191      0.
3FHL_J2033.7+6309       0.0490       19.21    68.458      0.
3FHL_J1027.5+6317       0.0420       18.90    64.111   0.582
3FHL_J0425.4+6319       0.0250       26.20    90.429      0.
3FHL_J1019.7+6321       0.0760       15.97    27.063      0.
3FHL_J0453.2+6322       0.0290       24.33    60.079      0.
3FHL_J0057.9+6325       0.0350       28.65   249.365      0.
3FHL_J2217.4+6346       0.0260       16.38    61.776      0.
3FHL_J1451.2+6355       0.0380       33.83   121.258   0.650
3FHL_J0950.6+6357       0.0550       16.31    42.617      0.
3FHL_J0025.5+6407       0.0400       28.92   478.490      0.
3FHL_J0559.5+6409       0.0530       19.76    36.709      0.
3FHL_J1231.6+6415       0.0450       27.44    96.300   0.163
3FHL_J0814.6+6429       0.0260       19.91    64.147   0.239
3FHL_J1807.1+6429       0.0400       32.85   431.575      0.
3FHL_J0402.9+6433       0.0380       21.80    48.865      0.
3FHL_J0801.3+6443       0.0560       19.97   122.315      0.
3FHL_J0205.5+6449       0.0290       30.89   386.627      0.
3FHL_J1959.9+6508       0.0110       28.25   626.375   0.047
3FHL_J1517.7+6525       0.0220       21.65    95.113   0.702
3FHL_J0958.7+6533       0.0220       19.40   187.313   0.367
3FHL_J0737.5+6534       0.0330       56.89   261.747      0.
3FHL_J0333.9+6537       0.0250       20.96    60.209      0.
3FHL_J1848.4+6538       0.0450       23.16    54.627   0.364
3FHL_J0241.3+6543       0.0260       22.52   104.899      0.
3FHL_J2036.5+6551       0.0360       17.07    42.576      0.
3FHL_J1404.8+6555       0.0560       26.00    66.738   0.363
3FHL_J0849.1+6606       0.0260       18.83    95.570      0.
3FHL_J1032.8+6625       0.0450       17.33    48.714      0.
3FHL_J1821.4+6637       0.0680       23.53   192.959      0.
3FHL_J1434.8+6641       0.0270       29.12   151.724      0.
3FHL_J2133.9+6647       0.0350       18.37    65.213      0.
3FHL_J0527.5+6648       0.0480       15.43    37.833      0.
3FHL_J0842.8+6656       0.0470       31.61   232.003      0.
3FHL_J1849.3+6705       0.0210       16.76    76.136   0.657
3FHL_J0901.5+6712       0.0520       23.51    66.113      0.
3FHL_J0932.1+6736       0.0510       14.86    16.160   0.023
3FHL_J1559.1+6736       0.0640       14.39    31.195      0.
3FHL_J1136.4+6737       0.0290       25.04   300.569   0.136
3FHL_J0508.0+6737       0.0110       33.89   609.534   0.416
3FHL_J0534.0+6800       0.0430       12.97    26.633      0.
3FHL_J1141.4+6805       0.0390       26.61    66.384      0.
3FHL_J0110.1+6806       0.0150       24.51   298.109      0.
3FHL_J0222.9+6821       0.0360       25.42   127.812      0.
3FHL_J0426.7+6827       0.0370       17.77    53.251      0.
3FHL_J1700.1+6831       0.0350       17.57    82.095   0.301
3FHL_J1716.1+6835       0.0600       16.02    69.322   0.777
3FHL_J1640.3+6850       0.0440       15.20    22.316      0.
3FHL_J0955.8+6939       0.0320       20.03   119.218      0.
3FHL_J1806.8+6950       0.0210       16.92    80.752   0.050
3FHL_J1330.5+7002       0.0420       21.56    48.685      0.
3FHL_J2005.1+7004       0.0360       21.53    77.353      0.
3FHL_J1748.6+7006       0.0140       16.22   108.857   0.770
3FHL_J1136.5+7009       0.0160       29.92   311.517   0.045
3FHL_J0848.9+7017       0.0480       15.09    21.138      0.
3FHL_J1757.1+7031       0.0420       37.40   186.073   0.407
3FHL_J2001.5+7039       0.0350       19.08    55.908   0.254
3FHL_J0140.3+7054       0.0530       17.42    44.500      0.
3FHL_J1220.2+7103       0.0370       17.00    49.101   0.451
3FHL_J0153.5+7115       0.0400       33.57   712.683   0.022
3FHL_J0721.8+7120       0.0100       16.08   207.251   0.127
3FHL_J0243.7+7121       0.0620       23.52    68.011      0.
3FHL_J1110.4+7134       0.0410       25.40   120.906      0.
3FHL_J1048.5+7144       0.0250       15.09    35.827   1.150
3FHL_J1651.6+7219       0.0300       30.85   134.400      0.
3FHL_J2009.8+7228       0.0390       16.63    28.575      0.
3FHL_J1123.7+7231       0.0310       26.82   126.513      0.
3FHL_J0203.4+7232       0.0500       16.70    30.756      0.
3FHL_J0209.7+7233       0.0550       13.79    21.598   0.895
3FHL_J1047.3+7239       0.0540       18.74    92.779      0.
3FHL_J0007.0+7303       0.0100       12.80    60.292      0.
3FHL_J1243.0+7316       0.0330       46.64   598.539   0.075
3FHL_J1858.4+7318       0.0870       28.77   804.058      0.
3FHL_J1039.3+7325       0.0570       17.79    33.602      0.
3FHL_J0516.3+7350       0.0370       25.82   191.071   0.251
3FHL_J0431.8+7403       0.0270       16.43    77.849      0.
3FHL_J1410.8+7406       0.0290       21.18    51.719      0.
3FHL_J0744.1+7435       0.0220       25.62   247.570   0.314
3FHL_J1031.2+7442       0.0270       39.49   341.771   0.123
3FHL_J0952.3+7502       0.0260       31.69   131.874   0.181
3FHL_J2105.9+7508       0.0440       18.74    39.842      0.
3FHL_J0152.8+7517       0.0300       21.40   156.109      0.
3FHL_J0805.5+7534       0.0190       22.28   158.682   0.121
3FHL_J1619.2+7537       0.0490       16.06    26.996      0.
3FHL_J0215.2+7555       0.0540       44.57   143.126      0.
3FHL_J2022.5+7614       0.0360       22.53   125.065   0.594
3FHL_J1243.2+7634       0.0450       30.94    66.166      0.
3FHL_J2026.2+7644       0.0440       36.30   192.221      0.
3FHL_J1629.0+7707       0.0320       18.79    59.997   0.400
3FHL_J1419.0+7731       0.0290       24.51   121.776      0.
3FHL_J0706.9+7742       0.0360       16.08    39.248      0.
3FHL_J2005.9+7753       0.0350       18.82   325.293   0.342
3FHL_J1319.9+7758       0.0390       25.51    94.184      0.
3FHL_J1800.7+7828       0.0160       17.94    87.422   0.680
3FHL_J0333.8+7849       0.0240       17.97    49.090   0.400
3FHL_J1223.6+7953       0.0380       19.32    75.549      0.
3FHL_J2340.8+8015       0.0170       21.00   158.182   0.274
3FHL_J1223.4+8041       0.0540       12.25    19.373      0.
3FHL_J0233.9+8042       0.0570       28.07    50.466      0.
3FHL_J0913.4+8132       0.0360       22.47    56.792   0.639
3FHL_J1540.1+8154       0.0210       23.98   105.515      0.
3FHL_J1632.2+8232       0.0540       16.40    41.121   0.024
3FHL_J0353.4+8256       0.0530       48.48   319.846      0.
3FHL_J0249.7+8434       0.0640       13.41    16.957      0.
3FHL_J1559.0+8510       0.0490       17.99    26.777      0.
3FHL_J0747.6+8513       0.0420       24.64    38.761      0.
3FHL_J0148.4+8601       0.0390       29.94   152.970   0.150
3FHL_J0931.3+8611       0.0320       21.12    36.370      0.
3FHL_J1713.6+8844       0.0430       26.11    64.810      0.
