1 83 50 1000 0. 
2 24 120 400 0. 
3 0. 0. 25 0. 
4 108 288 300 0. 
5 0. 0. 35000 0. 
6 0. 0. 200 0. 
7 0. 0. 200 0.179 
8 0. 0. 0. 0. 
9 0. 0. 1000 0. 
10 72 20 800 0. 
11 108 20 800 0. 
12 0. 0. 500 0. 
13 17 20 380 0. 
14 31 20 380 0. 
15 120 20 1000 0. 
16 35 20 1000 0. 
17 32 0. 1000 0. 
18 180 0. 970 0. 
19 66.5 0. 1000 0. 
20 0. 0. 1000 0. 
21 360 0. 1000 0. 
22 108 0. 1000 0. 
23 0. 0. 1900 0. 
24 0. 20 200 0. 
25 0. 20 200 0. 
26 180 20 600 0. 
27 0. 20 200 0. 
28 0. 20 200 0. 
29 0. 20 200 0. 
30 0. 0. 680 0. 
31 180 20 500 0. 
32 240 20 1000 0. 
33 180 20 500 0. 
34 0. 20 0. 0. 
35 45 20 200 0. 
36 80 20 1000 0. 
37 120 20 1000 0. 
38 126 20 1000 0. 
39 0. 0. 1000 0. 
40 0. 0. 1000 0. 
41 0. 0. 1000 0. 
42 300 0. 0. 0. 
43 0. 0. 0. 0. 
44 6 6 0. 0. 
45 0. 0. 1000 0. 
46 0. 20 200 0. 
47 79 20 300 0. 
48 115 20 300 0. 
49 0. 0. 600 0. 
50 120 20 1000 0. 
51 0. 20 200 0. 
52 40 20 270 0. 
53 0. 0. 1000 0. 
54 55 0. 1000 0. 
55 0. 20 200 0. 
56 0. 20 200 0. 
57 180 20 540 0. 
58 0. 0. 0. 0. 
59 34 20 1000 0. 
60 0. 0. 1000 0. 
61 0. 0. 350 0. 
62 180 0. 600 0. 
63 180 0. 500 0. 
64 0. 20 1000 0. 
65 24 0. 1000 0. 
66 180 20 1000 0. 
67 72 0. 1000 0. 
68 20 72 1000 0. 
69 0. 0. 1000 0. 
70 0. 0. 650 0. 
71 83 0. 0. 0. 
72 1080 0. 0. 0. 
73 72 108 1000 0. 
74 144 252 1000 0. 
75 590 900 0. 0. 
76 120 100 300 0.138 
77 0. 0. 200 0.212 
78 26 0. 225 0.186 
79 0. 0. 200 0.031 
80 0. 0. 200 0.045 
81 0. 0. 200 0.182 
82 0. 0. 150 0.129 
83 0. 0. 200 0.034 
84 0. 0. 180 0.048 
85 107 20 300 0.08 
86 0. 0. 100 0. 
87 44 20 580 0.14 
88 16 20 400 0.071 
89 0. 0. 200 0.116 
90 0. 0. 150 0.1187 
91 72 0. 200 0.044 
92 20 20 240 0.165 
93 0. 0. 300 0.095 
94 0. 0. 100 0.432 
95 0. 0. 80 0.536 
96 0. 0. 0. 0.36 
97 0. 0. 100 0.444 
98 0. 0. 200 0.102 
99 7 0. 200 0.66 
100 0. 0. 0. 0.162 
101 0. 0. 400 0.31 
102 0. 0. 0. 0.13 
103 0. 0. 300 0. 
104 0. 0. 200 0.069 
105 19 20 0. 0.0044 
106 66 30 250 0.00183 
107 0. 0. 200 0.19 
108 27 0. 220 0.000811 
109 33 20 250 0.188 
110 0. 0. 700 0.000677 
111 0. 0. 0. 0.017559 
112 0. 0. 300 0.0189 
113 0. 0. 0. 0. 
114 0. 0. 0. 0.14 
115 0. 0. 0. 0.105 
116 17 20 470 0. 
117 0. 0. 0. 0.287 
118 0. 0. 0. 0.2 
119 0. 0. 350 0.341 
120 40.2 0. 250 0.069 
121 36 0. 300 0.125 
122 0. 0. 0. 0.083 
123 36 0. 300 0.125 
124 0. 0. 150 0.055 
125 0. 0. 150 0. 
