GRB041217     0.86     1.4000        0.          0.           0.          0.       0.
GRB041218     0.04          0.        0.     4.4000           0.          0.       0.
GRB041219A    0.08          0.        0.          0.           0.          0.  0.3000
GRB041219B       0.          0.        0.          0.           0.          0.       0.
GRB041219C    0.00     1.8000        0.          0.           0.          0.       0.
GRB041220     0.02     1.0000        0.          0.           0.          0.       0.
GRB041223     0.19     0.5000        0.     3.5000           0.          0.       0.
GRB041224     0.03     2.0000        0.          0.           0.          0.       0.
GRB041226     0.03     3.3000        0.          0.           0.          0.       0.
GRB041228     0.03     0.9000        0.          0.           0.          0.       0.
GRB050117     2.45     0.7000        0.     5.1000           0.          0.       0.
GRB050124     2.94     0.9000        0.     1.7000           0.    17.4000       0.
GRB050126     1.11     1.6000        0.     3.6000           0.          0.  1.2900
GRB050128     1.56     1.1000        0.     1.7000           0.          0.       0.
GRB050202     0.03     2.2000        0.          0.           0.          0.       0.
GRB050209     0.38          0.        0.          0.           0.          0.       0.
GRB050215A    0.05     2.6000        0.          0.           0.          0.       0.
GRB050215B   11.39     1.6000        0.     2.2000           0.    21.6500       0.
GRB050219A    3.57     0.9000        0.     1.9000           0.    19.8400       0.
GRB050219B    5.87     1.0000        0.     1.5000           0.    20.4400       0.
GRB050223     1.23     1.5000        0.     3.7000           0.    20.6800  0.5840
GRB050306     2.44     1.0000        0.     5.1000           0.    21.4400       0.
GRB050315    10.84     1.1000        0.     1.4000           0.    20.3700  1.9500
GRB050318     5.04     1.0000        0.     1.4000           0.    17.5900  1.4436
GRB050319    10.62     2.5000        0.     1.4000           0.    17.0700  3.2425
GRB050326     4.38     0.5000        0.     2.4000           0.    19.0900       0.
GRB050401     8.61     1.0000        0.     3.5000           0.          0.  2.8983
GRB050406    13.26     2.5000        0.     1.9000           0.    20.5700  2.4400
GRB050408    14.32          0.        0.     1.4000           0.    20.9600  1.2357
GRB050410     8.02     1.2000        0.     1.7000           0.    20.5600       0.
GRB050412     2.79     1.5000        0.     3.7000           0.    20.4200       0.
GRB050416A   22.82     1.8000  15.6000     1.4000           0.    17.2700  0.6528
GRB050416B    4.38     1.4000        0.          0.           0.    22.1700       0.
GRB050418     0.08     0.8000        0.          0.           0.          0.       0.
GRB050421     4.79     2.6000        0.     1.7000           0.    21.3400       0.
GRB050422    18.68     1.9000        0.     3.6000           0.    18.7900       0.
GRB050502A    3.22          0.        0.          0.           0.    21.3300  3.7930
GRB050502B    7.87     1.3000        0.     1.4000           0.    21.2300  5.2000
GRB050504     1.10          0.        0.     3.8000           0.    21.9700       0.
GRB050505     5.38     1.3000        0.     1.4000           0.    21.2500  4.2750
GRB050507     0.05     1.9000        0.          0.           0.          0.       0.
GRB050509A   11.05     1.3000        0.     2.5000           0.    19.4300       0.
GRB050509B    1.81     2.4000        0.     3.8000           0.    21.8300  0.2249
GRB050509C    3.36          0.        0.          0.           0.    21.7700       0.
GRB050520     2.54          0.        0.     3.8000           0.    20.6100       0.
GRB050522     1.32          0.        0.     9.3000           0.    21.1100       0.
GRB050525A   28.14     0.3000  82.3000     1.5000           0.    13.6000  0.6060
GRB050528     1.57     2.2000        0.          0.           0.    22.1400       0.
GRB050603    14.24     1.2000 349.0000     1.5000           0.    18.5900  2.8210
GRB050607    18.96     1.5000        0.     3.5000           0.    22.3600       0.
GRB050626     4.01          0.        0.          0.           0.          0.       0.
GRB050701     8.70     2.1000        0.     3.5000           0.    22.3700       0.
GRB050709     2.75          0.        0.          0.           0.    21.8500  0.1600
GRB050712    17.98     1.7000        0.     1.5000     1.00000    17.0900       0.
GRB050713A   11.15     1.0000        0.     1.4000           0.    19.4500  3.6000
GRB050713B    6.44     1.7000        0.     1.4000           0.    19.6300       0.
GRB050714A    2.17          0.        0.     3.8000           0.          0.       0.
GRB050714B   10.83     2.4000        0.     1.5000           0.    20.7400  3.5000
GRB050715     0.03     1.3000        0.          0.           0.          0.       0.
GRB050716    12.05     1.0000        0.     1.4000           0.    21.7000       0.
GRB050717     7.36     0.7000        0.     1.5000           0.    20.8700       0.
GRB050721     4.70     1.9000        0.     1.7000           0.    17.3300       0.
GRB050724    10.34     1.9000        0.     1.5000           0.    21.0200  0.2580
GRB050726     5.67     1.8000        0.     1.4000     1.00000    17.3000       0.
GRB050730     4.42     1.4000        0.     1.4000           0.    17.0700  3.9693
GRB050801     9.34     1.6000        0.     1.5000           0.    15.5200  1.3800
GRB050802    22.22     1.5000        0.     1.4000     1.00000    16.5500  1.7102
GRB050803    14.24     1.2000        0.     1.4000           0.    21.2300       0.
GRB050813     3.04     2.9000        0.     2.9000           0.    21.6000  0.7220
GRB050814     8.76     2.1000        0.     1.4000           0.    21.5800  5.3000
GRB050815     1.37     2.0000        0.     1.5000     0.50000    17.3800       0.
GRB050819     3.04     2.1000        0.     1.5000           0.    20.3600  2.5043
GRB050820A   33.45     1.2000        0.     1.4000           0.    17.4600  2.6147
GRB050820B    0.63     0.6000        0.     3.6000           0.          0.       0.
GRB050822    25.16     1.7000        0.     1.4000           0.    20.8500  1.4340
GRB050824    13.14     2.0000        0.     1.5000           0.    20.4800  0.8281
GRB050826     3.30     2.0000        0.     1.5000           0.    21.0700  0.2970
GRB050827     7.82     1.1000        0.     1.5000           0.    21.1800       0.
GRB050904     5.23     1.3000        0.     3.5000           0.    21.1200  6.2950
GRB050906     1.42     3.3000        0.          0.           0.          0.       0.
GRB050908     5.67     1.5000        0.     1.5000           0.    20.7400  3.3467
GRB050911     3.24     2.4000        0.          0.           0.    20.3300       0.
GRB050915A    5.31     1.4000        0.     1.4000           0.    20.4500  2.5273
GRB050915B    7.53     0.8000        0.     1.6000           0.    20.9100       0.
GRB050916     3.98     3.6000        0.     1.4000           0.    21.1700       0.
GRB050918     1.74          0.        0.     7.0000           0.    19.1300       0.
GRB050922A    0.03          0.        0.          0.           0.    20.1800       0.
GRB050922B   12.45     2.5000        0.     1.7000           0.    20.1400       0.
GRB050922C    4.40     0.7000 131.0000     1.4000           0.    14.2900  2.1995
GRB050925     1.22     1.5000        0.          0.           0.    21.6200       0.
GRB051001     4.77     2.4000        0.     1.7000           0.    21.5600  2.4296
GRB051006     4.00     1.4000        0.     1.5000           0.    21.2700  1.0590
GRB051008     5.89     0.7000        0.     1.4000           0.    21.3300  5.2000
GRB051012     5.07     1.6000        0.     5.2000           0.    22.0300       0.
GRB051016A    6.76     1.9000        0.     1.5000           0.    20.9300       0.
GRB051016B   10.84     1.7000        0.     1.4000           0.    20.5200  0.9364
GRB051021A    8.09          0.        0.     1.5000           0.    20.0900       0.
GRB051021B    3.81     1.3000        0.     1.6000           0.    19.8000       0.
GRB051022    10.82          0.        0.     1.4000           0.    20.2200  0.8000
GRB051028     2.23          0.        0.     1.7000           0.    20.8800       0.
GRB051105A    1.71     2.3000        0.          0.           0.          0.       0.
GRB051105B    2.15          0.        0.          0.           0.    21.3600       0.
GRB051109A   14.69     2.1000 161.0000     1.4000           0.    16.6200  2.3460
GRB051109B    8.58     1.9000        0.     1.5000           0.    21.8400  0.0800
GRB051111     2.20     0.9000        0.     1.5000           0.    19.4300  1.5495
GRB051113     0.06     1.4000        0.          0.           0.          0.       0.
GRB051114     0.80     2.1000        0.     6.8000           0.    21.0400       0.
GRB051117A   27.04     0.9000        0.     1.6000     0.50000    17.2800       0.
GRB051117B    4.31     2.5000        0.     1.7000           0.    21.0700  0.4810
GRB051210     1.40     2.0000        0.     1.6000           0.    21.0300       0.
GRB051211A    0.20          0.        0.          0.           0.          0.       0.
GRB051211B    9.50          0.        0.     1.5000           0.    22.0600       0.
GRB051213     0.08     1.8000        0.          0.           0.          0.       0.
GRB051221A   20.18     0.6000        0.     1.4000           0.    20.8700  0.5465
GRB051221B    0.43     1.7000        0.     2.1000           0.    19.3900       0.
GRB051227     6.99     2.1000        0.     3.6000           0.    19.5300  0.7140
GRB060102     0.06     2.7000        0.          0.           0.    19.9800       0.
GRB060105     5.39     0.9000        0.     1.4000           0.    21.6900  4.0000
GRB060108     4.91     1.3000        0.     1.5000           0.    19.4900  2.0300
GRB060109     3.75     3.0000        0.     1.4000           0.    21.4800       0.
GRB060110     2.89     0.7000        0.     3.9000           0.    21.5100       0.
GRB060111A    7.24     0.7000        0.     1.4000     1.00000    17.1500       0.
GRB060111B    4.15     1.5000        0.     1.4000           0.    16.1200       0.
GRB060114     0.03          0.        0.          0.           0.          0.       0.
GRB060115     3.83     1.9000  63.0000     1.4000           0.    19.9400  3.5328
GRB060116     8.08     1.7000        0.     1.5000           0.    20.8700  6.6000
GRB060117     0.72     0.6000        0.          0.           0.    19.2500  0.4500
GRB060121     8.56          0.        0.     1.6000           0.    20.0800       0.
GRB060123    12.35     3.0000        0.     2.4000           0.    20.4700  1.0990
GRB060124    26.67     1.7000 193.0000     1.4000           0.    17.3600  2.2970
GRB060130     0.30          0.        0.          0.           0.    21.8000       0.
GRB060202    21.29     2.0000        0.     1.4000           0.    20.5800  0.7830
GRB060203     5.58     1.9000        0.     1.4000           0.    20.8700       0.
GRB060204A    3.02          0.        0.          0.           0.    20.8400       0.
GRB060204B    9.04     0.8000        0.     1.4000           0.    20.4100  3.1000
GRB060206    43.33     0.7000  78.0000     1.5000           0.    17.3900  4.0480
GRB060210     7.82     1.0000        0.     1.4000           0.    20.5100  3.9133
GRB060211A    6.21     1.5000        0.     1.4000           0.    20.4700       0.
GRB060211B    0.44     1.9000        0.     1.6000           0.    19.9700       0.
GRB060213     6.10          0.        0.    10.0000           0.    20.2900  3.5000
GRB060218    29.15     3.1000        0.     1.4000           0.    18.7900  0.0334
GRB060219     7.02     2.2000        0.     1.5000           0.    20.4900       0.
GRB060223A    1.68     1.2000        0.     1.5000     1.00000    17.0800  4.4060
GRB060223B    0.62     0.7000        0.    10.0000           0.          0.       0.
GRB060306     4.18     1.0000        0.     1.4000           0.    20.9300       0.
GRB060312     4.92     0.9000        0.     3.5000           0.    19.5400       0.
GRB060313     8.18     0.7000        0.     1.4000           0.    17.3200  1.7000
GRB060319    39.71     2.1000        0.     1.4000           0.    21.8200       0.
GRB060322     3.63     1.1000        0.     4.1000           0.          0.       0.
GRB060323     4.18     1.5000        0.     1.6000           0.    20.7900       0.
GRB060403     2.37     1.0000        0.     2.3000           0.    20.5700       0.
GRB060413     5.43     1.9000        0.     1.4000           0.    20.2600       0.
GRB060418     8.97     1.0000 230.0000     1.4000     0.50000    16.1800  1.4901
GRB060421     3.93     0.8000        0.     1.6000           0.    21.1000       0.
GRB060424     0.03     1.7000        0.          0.           0.          0.       0.
GRB060427     1.15     2.2000        0.     3.5000           0.    20.8500       0.
GRB060428A   31.14     0.9000        0.     1.4000           0.    21.1200       0.
GRB060428B   13.18     2.8000        0.     1.4000           0.    19.0700       0.
GRB060429     0.27          0.        0.          0.           0.    20.5300       0.
GRB060501     2.23     1.4000        0.     4.4000           0.    20.6900       0.
GRB060502A   12.31     0.8000        0.     1.5000     0.56000    17.4200  1.5026
GRB060502B    0.83     1.8000        0.     5.2000           0.    21.3000  0.2870
GRB060505     3.14     2.8000        0.     2.0000           0.    20.3500  0.0889
GRB060507     6.62     1.2000        0.     1.5000           0.    20.6800       0.
GRB060510A    6.24     1.4000        0.     1.4000     0.56000    17.4000       0.
GRB060510B    8.72     1.9000        0.     1.5000           0.    20.7500  4.9410
GRB060512     3.12     2.1000        0.     1.5000     0.50000    15.8600  2.1000
GRB060515     0.48     1.6000        0.     3.5000           0.    20.3900       0.
GRB060516     0.04     2.5000        0.          0.           0.          0.       0.
GRB060522     5.30     1.5000        0.     1.4000     0.60000    20.4500  5.1100
GRB060526     6.40     1.4000        0.     1.4000     0.50000    17.1100  3.2213
GRB060602     6.86     1.6000        0.     5.2000           0.    18.4900  0.7870
GRB060604    16.96     3.6000        0.     1.4000     0.60000    21.4000  2.1357
GRB060605     1.83     2.0000        0.     1.4000     0.50000    17.1200  3.7730
GRB060607A    3.44     0.8000        0.     1.4000     0.50000    16.9700  3.0749
GRB060607B    0.03     1.1000        0.          0.           0.          0.       0.
GRB060614    59.62     0.9000        0.     1.4000     0.56000    19.1600  0.1257
GRB060707    19.05     1.4000  63.0000     1.7000           0.    17.3200  3.4250
GRB060708    10.62     1.0000        0.     1.4000     0.50000    16.9500  1.9200
GRB060712    11.54     2.4000        0.     1.6000           0.    20.9200       0.
GRB060714    13.55     1.5000        0.     1.4000     0.56000    17.2500  2.7108
GRB060717     0.48     2.6000        0.     3.6000           0.    20.3700       0.
GRB060719    11.73     1.3000        0.     1.4000           0.    20.7200  1.5320
GRB060728     1.76     3.2000        0.          0.           0.    20.0700       0.
GRB060729   106.41     4.3000        0.     1.4000           0.    17.2600  0.5428
GRB060801     3.65     1.8000        0.     1.5000           0.    20.2700  1.1310
GRB060804     3.56     2.1000        0.     1.4000     1.00000    20.2900       0.
GRB060805A    2.67     2.9000        0.     1.6000           0.    21.9700  2.5000
GRB060805B    1.53          0.        0.     1.7000           0.    21.0900  1.3000
GRB060807     5.21     1.9000        0.     1.4000           0.    20.8700  3.4000
GRB060813     2.60     0.6000        0.     1.4000           0.    20.9100  2.3800
GRB060814    12.56     0.7000        0.     1.4000           0.    21.0500  1.9229
GRB060825     6.16     0.8000        0.     1.8000           0.    20.8800  2.0000
GRB060901     0.52          0.        0.     2.2000           0.    20.0000  2.0000
GRB060904A   13.18     1.5000        0.     4.0000           0.    19.9900  1.8400
GRB060904B    7.16     0.9000        0.     1.4000     0.50000    17.0100  0.7029
GRB060906     3.47     2.3000        0.     1.4000           0.    20.0600  3.6856
GRB060908     8.71     1.1000 151.0000     1.4000     0.70000    14.8300  1.8836
GRB060912A    7.72     0.9000        0.     1.4000     0.50000    16.3400  0.9370
GRB060912B    0.15          0.        0.          0.           0.    19.0700       0.
GRB060919     3.58     1.7000        0.     1.7000           0.    20.2500       0.
GRB060923A   12.35     2.2000        0.     1.5000           0.    20.5500  2.8000
GRB060923B    2.41     1.7000        0.     1.8000           0.    18.7000       0.
GRB060923C    8.98     2.1000        0.     3.5000           0.          0.  3.5000
GRB060926     2.60     1.4000        0.     1.7000     0.50000    17.3800  3.2086
GRB060927     2.12     0.8000  72.0000     1.6000           0.    20.3900  5.4636
GRB060928     1.31     2.5000        0.     3.8000           0.          0.  1.3000
GRB060929     6.00     2.0000        0.     1.5000           0.    20.3400       0.
GRB061002     0.56     1.7000        0.     2.6000           0.    20.9700       0.
GRB061004     5.86     0.9000        0.     1.4000           0.    20.8900       0.
GRB061006     2.89     1.8000        0.     1.8000           0.    20.8000  0.4377
GRB061007    15.65     0.9000 399.0000     1.4000           0.    12.3000  1.2622
GRB061019     8.37     3.3000        0.     1.5000           0.    20.2900       0.
GRB061021    43.91     0.6000        0.     1.4000     0.60000    15.0700  0.3463
GRB061025     2.21          0.        0.     2.0000           0.    20.8400       0.
GRB061027     0.16     3.8000        0.          0.           0.    19.9900       0.
GRB061028     1.84     2.5000        0.     1.6000           0.    19.9500  0.7600
GRB061102     1.26     2.6000        0.     5.7000           0.    20.1500       0.
GRB061110A    8.91     1.1000        0.     1.6000           0.    20.4100  0.7578
GRB061110B    0.88     1.6000        0.     1.7000           0.    20.8800  3.4344
GRB061121    22.64     0.9000 606.0000     1.4000     0.60000    17.3200  1.3145
GRB061122    13.44          0.        0.     1.4000           0.    20.6500       0.
GRB061126    23.24     0.7000        0.     1.4000     0.50000    19.1100  1.1588
GRB061201     1.59     1.2000        0.     1.4000     0.50000    20.2000       0.
GRB061202     5.63     4.3000        0.     1.4000           0.    20.6400       0.
GRB061210     8.58     2.4000        0.     3.9000           0.          0.  0.4095
GRB061217     3.39     2.3000        0.     5.5000           0.    21.5600  0.8270
GRB061218     0.48     3.9000        0.          0.           0.    19.1900       0.
GRB061222A   16.13     1.3000        0.     1.4000           0.    20.2100  2.0880
GRB061222B    3.19     1.3000        0.     1.7000           0.    19.9900  3.3550
GRB070103     2.00     2.3000        0.     1.5000           0.    21.0700  2.6208
GRB070107    10.05     1.2000        0.     1.4000     1.00000    20.9200       0.
GRB070110    23.74     1.1000        0.     1.4000     1.00000    19.7300  2.3521
GRB070124     3.09          0.        0.          0.           0.          0.       0.
GRB070125    11.04     2.5000        0.     1.5000     0.50000    18.4100  1.5477
GRB070126    10.45     4.0000        0.          0.           0.    17.5000       0.
GRB070129    17.83     2.9000        0.     1.4000           0.    20.5500  2.3384
GRB070208     4.88     3.4000        0.     1.5000           0.    21.3500  1.1650
GRB070209     2.90     2.2000        0.          0.           0.    20.9300       0.
GRB070219     2.80     2.1000        0.     1.7000           0.    20.5100       0.
GRB070220     2.35     0.7000        0.     1.4000           0.    20.5800  2.1500
GRB070223    11.02     1.2000        0.     1.7000           0.    20.9800       0.
GRB070224     9.74     2.3000        0.     1.6000           0.    20.1600       0.
GRB070227     7.90     2.7000        0.     2.1000           0.    20.7800       0.
GRB070306    11.50     2.9000        0.     1.4000           0.    20.3200  1.4965
GRB070309     2.92          0.        0.     4.4000           0.    20.0000       0.
GRB070311     6.16          0.        0.     1.5000           0.    20.5100       0.
GRB070318     8.44     0.8000        0.     1.4000     0.50000    16.2000  0.8397
GRB070326        0.     3.9000        0.          0.           0.          0.       0.
GRB070328    11.10     0.6000        0.     1.4000           0.    20.9600  3.5000
GRB070330     3.38     1.7000        0.     1.5000     0.50000    17.2200       0.
GRB070406     8.77     3.0000        0.          0.           0.    20.7600       0.
GRB070411     8.42     1.4000        0.     1.5000           0.    17.7700  2.9538
GRB070412     6.49     1.5000        0.     1.5000           0.    20.8200       0.
GRB070419A    8.20     2.3000        0.     1.7000           0.    18.0700  0.9705
GRB070419B    4.93     0.8000        0.     1.5000           0.    19.8800  1.9588
GRB070420     7.47     1.0000        0.     1.4000     0.20000    17.5700  1.5600
GRB070427     0.08     0.8000        0.          0.           0.          0.       0.
GRB070429A    7.80     2.5000        0.     2.1000           0.    19.9400       0.
GRB070429B    0.50     1.9000        0.     2.4000     0.60000    20.4400  0.9040
GRB070506     3.38     1.9000        0.     1.8000     0.50000    17.9300  2.3090
GRB070508     8.17     0.4000        0.     1.4000     0.50000    17.4500  0.8200
GRB070509     1.48     1.7000        0.     1.9000           0.    20.0200       0.
GRB070517     4.21     1.9000        0.     3.5000           0.          0.       0.
GRB070518    14.65     1.8000        0.     1.6000     1.00000    17.7100  0.7000
GRB070520A   11.69     2.2000        0.     2.3000           0.    20.3400       0.
GRB070520B    3.01     2.1000        0.     1.8000           0.    20.2800       0.
GRB070521     4.32     1.1000        0.     1.4000           0.    20.6900  0.5530
GRB070529     8.71     1.9000        0.     1.4000     0.50000    15.5800  2.4996
GRB070531     0.07     1.7000        0.     1.8000           0.    19.4600       0.
GRB070611     4.89     2.0000        0.     1.8000     0.50000    17.3400  2.0394
GRB070612A    0.95     1.4000        0.          0.           0.          0.  0.6170
GRB070612B    1.89     1.2000        0.     1.8000           0.    20.1000       0.
GRB070615     0.96          0.        0.     4.6000           0.    20.3100       0.
GRB070616     4.13     2.6000        0.     1.4000           0.    20.7300  3.0000
GRB070621     9.52     0.9000        0.     1.4000           0.    19.8600       0.
GRB070628     1.02     1.2000        0.     1.4000     0.70000    19.4600       0.
GRB070704     4.02     1.6000        0.     1.5000           0.    19.3400       0.
GRB070707     1.34          0.        0.     3.9000           0.    20.2000       0.
GRB070714A    0.55     1.3000        0.     1.8000           0.    19.6900       0.
GRB070714B    1.57     1.70001120.0000     1.4000           0.    21.2400  0.9200
GRB070721A    5.42     2.3000        0.     1.6000     2.00000    19.3800       0.
GRB070721B    2.15     1.2000        0.     1.5000     0.90000    14.7300  3.6298
GRB070724A    6.34     2.3000        0.     1.7000           0.    19.9500  0.4570
GRB070724B    1.28          0.  82.0000     2.0000           0.    21.0700  1.1000
GRB070729     0.82     2.1000        0.     2.5000           0.    20.9400       0.
GRB070731     2.48     1.9000        0.          0.           0.          0.       0.
GRB070802     4.34     2.0000        0.     1.5000           0.    19.9700  2.4541
GRB070805     0.38     1.4000        0.          0.           0.    19.4300       0.
GRB070808     1.60     1.2000        0.     1.5000           0.    20.2200  3.5000
GRB070809     0.40     1.7000        0.     3.6000           0.    19.8300  0.2187
GRB070810A    0.52     1.2000        0.     1.4000     0.60000    16.5800  2.1700
GRB070810B    2.26     2.5000        0.          0.           0.    20.3800       0.
GRB070911    15.80     0.5000 170.0000     3.5000           0.          0.       0.
GRB070913     1.71     1.8000        0.     4.1000           0.          0.       0.
GRB070917    11.66     0.6000 211.0000     4.7000           0.          0.  2.4000
GRB070920A    0.66     1.9000        0.          0.           0.          0.       0.
GRB070920B    2.62     1.0000        0.     4.4000           0.          0.       0.
GRB070923     0.08     2.1000        0.          0.           0.          0.       0.
GRB070925     2.32          0.        0.     3.9000           0.          0.       0.
GRB071001     0.14     1.8000        0.     6.0000           0.          0.       0.
GRB071003     9.54     0.9000 799.0000     3.5000           0.          0.  1.6043
GRB071006     0.00     2.2000 334.0000          0.           0.          0.       0.
GRB071008     0.82     1.9000        0.     4.4000           0.          0.       0.
GRB071010A    5.71     2.5000        0.     3.6000           0.          0.  0.9850
GRB071010B    0.65     0.5000  52.0000     3.6000           0.          0.  0.9470
GRB071010C    0.00     2.6000        0.          0.           0.          0.       0.
GRB071011    15.54     1.4000        0.     4.1000           0.          0.       0.
GRB071013     0.09     2.4000        0.          0.           0.          0.       0.
GRB071017     1.02          0.        0.          0.           0.          0.       0.
GRB071018     5.74     3.1000        0.          0.           0.          0.       0.
GRB071020     6.85     0.5000 322.0000     3.5000           0.          0.  2.1462
GRB071021     9.67     3.1000        0.     3.5000           0.          0.  2.4520
GRB071025     5.65     1.3000        0.     1.4000           0.    20.8300  4.8000
GRB071028A    1.03     2.2000        0.     1.5000           0.          0.       0.
GRB071028B    5.00     3.1000        0.     3.6000           0.    21.2700       0.
GRB071031     6.32     1.8000  30.0000     1.5000     0.50000    17.4100  2.6918
GRB071101     1.09     2.4000        0.     3.7000           0.    21.6800       0.
GRB071104     0.55          0.        0.     1.5000           0.          0.       0.
GRB071109     2.22          0.        0.          0.           0.    20.3500       0.
GRB071112B    0.14     2.3000        0.          0.           0.    18.8100       0.
GRB071112C    6.07     1.0000        0.     1.4000     0.50000    17.0900  0.8227
GRB071117     0.75     0.7000 278.0000     1.5000           0.    20.6200  1.3308
GRB071118     0.39     2.7000        0.     1.4000     0.60000    17.4800  5.0000
GRB071122     0.03     2.4000        0.     1.8000           0.    20.2800  1.1400
GRB071129     0.03     2.2000        0.          0.           0.          0.  3.5000
GRB071227     4.05     2.50001000.0000     1.7000     0.60000    21.3500  0.3830
GRB080120     0.23          0.        0.     1.8000     0.60000    20.2300  3.5000
GRB080121     2.04     3.1000        0.          0.           0.    20.7300       0.
GRB080123     0.76     2.8000        0.     1.7000           0.    16.9200       0.
GRB080129     8.00     2.2000        0.     1.4000           0.    21.0500  4.3490
GRB080130     0.23     2.6000        0.     4.6000           0.    19.8200       0.
GRB080205     2.57     1.5000        0.     1.5000     0.50000    17.7500  4.0000
GRB080207     3.36     1.1000        0.     1.4000           0.    21.1200  2.0858
GRB080210     4.37     1.0000        0.     1.5000     0.60000    16.7500  2.6419
GRB080211     0.01          0. 484.0000          0.           0.          0.       0.
GRB080212     2.26     1.5000        0.     1.4000     1.00000    16.7900  3.5000
GRB080218A    0.04     2.3000        0.          0.           0.          0.       0.
GRB080218B    6.43     2.0000        0.     1.6000           0.    20.6900       0.
GRB080229A    2.77     1.5000        0.     1.4000           0.    20.8800       0.
GRB080229B    5.17          0.        0.     1.8000           0.    21.5300       0.
GRB080303     9.85     1.5000        0.     1.5000     0.60000    17.4100       0.
GRB080307    31.32     1.6000        0.     1.4000           0.    20.5100  3.5000
GRB080310     8.93     1.4000        0.     1.4000     0.60000    17.3100  2.4274
GRB080315     4.49     3.3000        0.          0.           0.    21.4800       0.
GRB080319A    0.58     1.4000        0.     1.7000           0.    20.0300       0.
GRB080319B   31.44     0.3000 651.0000     1.4000     0.50000    15.2800  0.9382
GRB080319C    6.67     0.9000 307.0000     1.7000     0.53000    18.3000  1.9492
GRB080319D    3.48     2.5000        0.     1.5000     0.50000    17.0700       0.
GRB080320    22.04     1.7000        0.     1.4000           0.    20.8500  4.5000
GRB080325     3.27     2.0000        0.     1.7000           0.    20.7000       0.
GRB080328     0.51     0.7000 338.0000     1.4000     0.60000    16.2300  2.5000
GRB080330     4.03     1.8000        0.     4.6000     0.30000    17.3400  1.5119
GRB080405     0.71     2.4000        0.     2.5000           0.          0.       0.
GRB080408     0.01          0.        0.     8.6000           0.          0.  3.5000
GRB080409     1.05     1.7000        0.     1.6000           0.    20.5300       0.
GRB080411    41.65     0.5000 259.0000     1.4000     0.50000    18.1000  1.0301
GRB080413A    0.48     0.6000 170.0000     1.5000     0.50000    15.0800  2.4330
GRB080413B    6.34     0.8000        0.     1.4000     0.50000    19.2200  1.1014
GRB080414     0.34          0.        0.          0.           0.    18.7200       0.
GRB080426     1.12     1.1000        0.     1.5000           0.    21.1200       0.
GRB080430    31.43     0.7000        0.     1.4000     0.50000    16.9400  0.7670
GRB080503     1.65     3.2000        0.     1.6000           0.    21.4600       0.
GRB080506     0.91     2.5000        0.     1.4000     0.50000    17.2400  3.0000
GRB080507     0.19          0. 492.0000     2.3000           0.          0.       0.
GRB080514B    0.47          0. 224.0000     1.7000     0.60000    19.4200  2.3000
GRB080515     1.90     1.8000        0.     3.8000           0.    20.3400       0.
GRB080516     0.59     2.2000        0.     1.5000           0.    17.1300  3.2000
GRB080517     0.82     2.3000        0.     1.6000           0.    21.0300  3.5000
GRB080520     2.09     2.3000  30.0000     1.6000     0.50000    20.3900  1.5457
GRB080521     0.39     6.4000        0.     5.4000           0.    19.3000       0.
GRB080523     1.11     1.8000        0.     1.5000           0.    20.5400  3.0000
GRB080524     0.29     2.4000        0.          0.           0.    20.9900       0.
GRB080602A    0.03     1.7000 226.0000     1.7000           0.    19.6100       0.
GRB080602B    1.64     6.3000        0.          0.           0.    20.0400       0.
GRB080603A    0.98          0.        0.     1.6000     0.30000    19.4200  1.6880
GRB080603B    0.16     0.7000 102.0000     1.8000     0.30000    13.8000  2.6892
GRB080604     4.39     2.0000        0.     1.5000     0.50000    21.0600  1.4171
GRB080605     9.09     0.6000 252.0000     1.5000     0.50000    16.6800  1.6403
GRB080607     3.28     0.9000 419.0000     1.4000     0.50000    17.1300  3.0368
GRB080613A    0.62          0.        0.     1.9000           0.    20.2600       0.
GRB080613B    2.17     0.6000 733.0000     2.1000           0.    20.7100       0.
GRB080623     3.34     1.4000        0.     1.4000           0.    20.9400       0.
GRB080625     5.31          0.        0.     1.7000     0.50000    20.1000       0.
GRB080701A    0.71     1.4000        0.     1.7000           0.    18.9900       0.
GRB080701B    0.52     3.0000        0.          0.           0.    19.2100       0.
GRB080702A    1.19     3.0000        0.     1.8000           0.    20.4400       0.
GRB080702B    1.10     6.4000        0.     6.3000           0.          0.       0.
GRB080703     1.88     2.2000        0.     1.4000     0.50000    16.2800       0.
GRB080707     3.77     1.8000        0.     1.5000     1.10000    19.4300  1.2322
GRB080710     6.50     2.2000        0.     1.4000     0.50000    17.0400  0.8454
GRB080714     3.62     0.9000 137.0000     1.5000     0.80000    19.2000       0.
GRB080721    13.24     1.0000 485.0000     1.4000     0.50000    13.2200  2.5914
GRB080723A    4.56     1.6000        0.     1.4000           0.    20.5800       0.
GRB080723B    0.19          0. 225.0000     1.5000           0.    18.4200       0.
GRB080725     0.08     1.3000        0.          0.           0.          0.       0.
GRB080727A    0.22     2.4000        0.     1.6000           0.    20.1200       0.
GRB080727B    3.29     0.6000 282.0000     1.6000           0.    19.6500  5.5000
GRB080727C    0.69     0.8000        0.     1.5000           0.    20.7700       0.
GRB080802     2.49     1.5000        0.     3.5000           0.          0.       0.
GRB080804     6.18     1.2000        0.     1.4000     0.40000    16.3100  2.2045
GRB080805    10.05     0.9000        0.     1.6000           0.    20.5200  1.5042
GRB080810     6.99     1.2000 550.0000     1.4000     0.60000    13.8500  3.3510
GRB080822B    0.06     3.6000        0.          0.           0.          0.       0.
GRB080825B    0.40          0.  72.0000     2.8000           0.    20.4000  0.8300
GRB080828     1.18          0.        0.     2.7000           0.          0.       0.
GRB080903     1.73     0.9000        0.     1.5000     0.90000    19.6400  3.3000
GRB080905A    1.18     2.1000        0.     1.6000           0.    20.2600  0.1218
GRB080905B    7.98     1.8000        0.     1.4000     0.70000    17.3800  2.3739
GRB080906     7.36     1.6000        0.     1.8000     0.64000    17.3100  2.0000
GRB080913    15.60     1.5000 131.0000     1.5000           0.    20.6500  6.7330
GRB080915A    1.24     2.4000        0.     4.0000           0.    19.7700       0.
GRB080915B    0.07     0.8000        0.          0.           0.          0.       0.
GRB080916A   15.03     0.6000 129.0000     1.4000     0.50000    17.2600  0.6887
GRB080916B    0.12     2.1000        0.     2.3000     0.80000    19.9500       0.
GRB080916C   11.43          0. 505.0000     1.9000           0.    19.7600  4.3500
GRB080919     1.95     1.9000        0.     1.6000           0.    20.8400       0.
GRB080922     0.22          0.        0.          0.           0.    19.3900       0.
GRB080928     2.69     2.2000        0.     1.4000     0.50000    17.2900  1.6919
GRB081001     0.09          0. 239.0000     2.0000           0.    19.8500       0.
GRB081003A    0.03          0.        0.     2.3000           0.    19.8300       0.
GRB081003B    0.41          0.        0.          0.           0.    18.0700       0.
GRB081007    15.67     1.5000        0.     1.4000     0.50000    17.4100  0.5295
GRB081008     8.28     1.0000        0.     1.4000     0.60000    14.5900  1.9685
GRB081011     0.91     2.1000        0.     1.5000     0.90000    20.7800  3.8000
GRB081012     2.18     1.7000 360.0000     1.8000           0.    20.2400       0.
GRB081016A    0.57          0.        0.     3.7000           0.          0.       0.
GRB081016B    0.51     2.3000        0.     1.8000           0.    17.4300       0.
GRB081017     0.03     2.3000        0.          0.           0.          0.       0.
GRB081022     0.08     1.4000        0.          0.           0.          0.       0.
GRB081024A    0.54     1.7000        0.     1.8000           0.    20.4300       0.
GRB081024B    4.36          0.1583.0000          0.           0.    20.2800       0.
GRB081025     1.80     2.9000 222.0000     4.6000           0.          0.       0.
GRB081028    10.02     1.2000        0.     1.4000           0.    20.5100  3.0380
GRB081029     6.11     2.1000        0.     1.4000     0.50000    16.8600  3.8479
GRB081101     0.38     1.7000        0.          0.           0.    19.0800       0.
GRB081102     0.99     1.1000  88.7000     1.5000           0.    21.3700       0.
GRB081104     1.67     1.3000        0.     1.6000           0.    20.9700       0.
GRB081105     0.84     1.9000        0.     3.8000           0.    19.9100       0.
GRB081109     5.36     0.9000 240.0000     1.4000           0.    20.3300  3.5000
GRB081109B    0.19     3.4000        0.          0.           0.    19.8500       0.
GRB081118     8.24     1.6000  41.2000     1.7000           0.    20.9300  2.5800
GRB081121     9.72     1.2000 248.0000     1.4000     0.62000    17.2500  2.5120
GRB081126     3.22     0.8000 315.0000     1.4000     0.50000    17.5900  2.4000
GRB081127     0.43     2.3000        0.     1.6000           0.    19.5100       0.
GRB081128     8.03     1.0000        0.     1.5000           0.    19.4300  5.0000
GRB081203A    5.25     1.1000 578.0000     1.4000     0.50000    16.1900  2.0500
GRB081203B    6.37     3.0000 255.0000     1.4000     0.50000    19.1000       0.
GRB081204     0.32          0.        0.     4.3000           0.          0.       0.
GRB081210     7.49     1.0000        0.     1.4000     0.64000    19.9900       0.
GRB081211A    3.85     2.3000        0.     1.5000     0.70000    19.3900       0.
GRB081211B    0.52     3.0000        0.     1.8000           0.    20.2500       0.
GRB081221     5.13     0.7000  83.0000     1.4000           0.    20.7300  0.7000
GRB081222     7.73     0.4000 165.0000     1.4000     0.50000    13.0800  2.7700
GRB081224     0.15          0. 447.0000          0.           0.          0.       0.
GRB081226A    0.57     2.1000        0.     3.8000           0.    20.4800       0.
GRB081226B    0.22          0. 530.0000          0.           0.    20.4800       0.
GRB081228     3.09     2.3000        0.     2.2000           0.    17.2700  3.4400
GRB081230     5.69     1.4000        0.     1.4000     0.90000    21.3300  2.0300
GRB090102     6.27     1.2000 451.0000     1.4000     1.10000    17.2800  1.5470
GRB090107A    0.03     2.4000        0.          0.           0.          0.       0.
GRB090107B    0.24          0. 106.1000     1.8000           0.    19.3600       0.
GRB090111     0.57     1.4000        0.     1.4000           0.    20.3300       0.
GRB090113     4.04     1.0000        0.     1.5000           0.    17.3000  1.7493
GRB090117A    0.26          0.  25.0000     2.2000           0.    20.7800       0.
GRB090118     1.32     3.7000        0.     3.9000           0.          0.       0.
GRB090123     3.69     1.6000        0.     1.4000     0.50000    16.9900       0.
GRB090126A    0.72          0.        0.     1.9000           0.    19.5000       0.
GRB090129     0.03     0.7000 123.2000          0.           0.          0.       0.
GRB090201    10.02     1.0000 158.0000     1.4000           0.    21.4300       0.
GRB090205     3.43     2.0000        0.     1.4000           0.    20.5800  4.6497
GRB090217     0.28          0. 534.0000          0.           0.          0.       0.
GRB090301A    0.03     0.6000 429.0000          0.           0.          0.       0.
GRB090305A    1.70     2.3000        0.          0.           0.    20.7600       0.
GRB090306B    1.02     2.9000        0.     4.5000           0.    19.5000       0.
GRB090307     0.17     3.1000        0.     2.1000           0.    18.2200       0.
GRB090308     2.88     2.4000        0.     1.6000           0.    21.8000       0.
GRB090309     1.84     2.3000        0.     1.7000           0.          0.       0.
GRB090313     8.19     2.1000        0.     1.5000           0.    19.7800  3.3736
GRB090323    11.91          0. 416.0000     1.7000     0.80000    19.8900  3.5680
GRB090328A    3.93          0. 592.0000     1.7000     0.60000    19.6700  0.7354
GRB090401A    0.06     0.7000 218.0000          0.           0.          0.       0.
GRB090401B    5.69     0.5000 409.0000     1.4000     0.50000    15.1200  3.0000
GRB090404    14.17     0.8000        0.     1.4000           0.    18.6900       0.
GRB090407    12.69     2.2000        0.     1.4000           0.    19.2700  1.4485
GRB090410     0.04     1.7000 304.0000          0.           0.          0.       0.
GRB090417A    0.03     2.7000        0.          0.           0.          0.       0.
GRB090417B   12.05     4.3000        0.     1.4000           0.    20.6400  0.3450
GRB090418A    2.37     1.4000 610.0000     1.4000     0.50000    16.6700  1.6080
GRB090418B       0.     1.9000 117.0000          0.           0.          0.       0.
GRB090419     1.44     2.0000        0.     1.5000           0.    19.7800       0.
GRB090422     5.20     1.9000        0.     1.4000           0.    21.4700       0.
GRB090423     6.66     1.1000  82.0000     1.4000           0.    19.6700  8.2300
GRB090424    31.02     0.8000 177.0000     1.4000     0.74000    14.0600  0.5440
GRB090426     4.93     1.7000        0.     1.4000     0.50000    19.7900  2.6090
GRB090429A    8.94     1.7000        0.     3.1000           0.    17.4900       0.
GRB090429B    4.01     1.2000        0.     1.5000           0.    20.5600  9.4000
GRB090509     0.07     2.1000        0.          0.           0.          0.  3.0000
GRB090510     2.12     2.00004400.0000     1.4000     0.61000    20.5000  0.9030
GRB090515     0.55     2.0000        0.     2.9000           0.    19.8700       0.
GRB090516     6.92     1.7000 190.0000     1.4000           0.    21.2600  4.1090
GRB090518     1.43     1.4000        0.     1.4000           0.    20.7500       0.
GRB090519     1.11     2.0000        0.     1.5000           0.    21.0400  3.8500
GRB090520        0.     2.8000        0.          0.           0.          0.       0.
GRB090529A    8.56     1.9000        0.     1.5000     0.70000    19.5800  2.6250
GRB090530     6.25     1.3000        0.     1.4000     0.50000    17.2800  1.2800
GRB090531A    2.01     1.1000        0.     3.8000           0.          0.       0.
GRB090531B    0.97     1.6000        0.     4.0000           0.    19.4400       0.
GRB090607     0.39     1.9000        0.     3.6000           0.    20.9200       0.
GRB090618    24.08     0.5000 155.0000     1.4000     0.74000    14.3100  0.5400
GRB090621A    6.93     1.7000        0.     1.4000           0.    20.2400       0.
GRB090621B    0.49     1.7000        0.     4.1000           0.    20.7700       0.
GRB090625B    0.47          0. 165.0000     1.8000           0.    19.1500       0.
GRB090628     2.49     1.7000        0.     1.8000           0.    19.2300       0.
GRB090702     0.15          0.        0.     5.5000           0.    19.9900       0.
GRB090708     0.03     1.7000  47.5000          0.           0.          0.       0.
GRB090709A   10.98     0.6000 416.0000     1.4000           0.    20.6500       0.
GRB090709B    0.03     1.6000 130.0000          0.           0.          0.       0.
GRB090712     0.03     1.6000 505.0000          0.           0.          0.       0.
GRB090715A    0.08     2.6000 588.0000          0.           0.          0.       0.
GRB090715B   14.59     0.6000 134.0000     1.4000           0.    20.9800  3.0000
GRB090720A    2.63     2.6000 117.5000     2.8000           0.          0.       0.
GRB090726     2.31     1.6000        0.     1.5000     0.78000    19.8400  2.7100
GRB090727    22.10     2.2000        0.     1.6000           0.    21.6700       0.
GRB090728     2.18     2.0000        0.     1.5000           0.    20.9300       0.
GRB090807A    4.33     1.8000        0.     1.4000           0.    21.2600       0.
GRB090809A    5.33     2.1000        0.     1.4000     0.60000    20.3100  2.7370
GRB090812     2.61     0.7000 586.0000     1.4000     0.78000    15.8400  2.4520
GRB090813     8.60     1.3000 104.0000     1.4000           0.    21.1600       0.
GRB090814A    3.90     2.1000        0.     1.5000           0.    19.9500  2.2000
GRB090814B    0.30          0.        0.     3.9000           0.          0.       0.
GRB090815C    0.43     2.8000        0.          0.           0.          0.       0.
GRB090817     4.18          0. 115.0000     1.9000           0.    19.6000       0.
GRB090823     1.68     4.0000 188.0000     4.0000           0.    20.1000       0.
GRB090827     2.64     2.4000 200.0000     4.4000           0.          0.       0.
GRB090831C    1.47     3.1000        0.     1.5000           0.    21.1700       0.
GRB090902B   13.06          0. 798.0000     2.1000           0.          0.  1.8829
GRB090904A    3.24     2.5000        0.     1.6000           0.    18.2000       0.
GRB090904B    3.18     1.2000 149.3000     1.4000           0.    18.4800       0.
GRB090912     0.74     1.2000        0.     1.4000           0.    19.1400       0.
GRB090915     0.57     2.7000        0.     3.4000     0.80000    20.5100       0.
GRB090916     0.74     2.7000        0.          0.           0.    19.6600       0.
GRB090926A   14.76          0. 268.0000     1.4000     0.50000    18.4100  2.1062
GRB090926B    0.16     0.8000  91.0000     1.4000           0.    19.2400  1.2400
GRB090927     7.26     1.6000        0.     1.5000     0.63000    18.6300  1.3700
GRB090929A    0.08     3.0000 610.9000          0.           0.          0.       0.
GRB090929B    7.63     1.4000 282.0000     1.4000           0.    18.7600       0.
GRB091003    12.91          0. 486.2000     1.5000     0.80000    21.0600  0.8969
GRB091010     1.29          0. 150.0000     1.9000           0.    20.0200       0.
GRB091018     6.23     0.6000  28.0000     1.4000     0.61000    14.0400  0.9710
GRB091020    12.63     0.8000 103.0000     1.4000     0.50000    15.1000  1.7100
GRB091024     0.87     1.0000 280.0000     3.6000           0.          0.  1.0920
GRB091026     0.41     1.0000        0.     1.5000           0.    20.6400       0.
GRB091029    16.94     0.6000        0.     1.4000     0.55000    17.4600  2.7520
GRB091102     0.98     1.2000        0.     2.0000           0.    17.4500       0.
GRB091104     0.68     2.7000        0.     1.6000           0.    18.3800       0.
GRB091109A    5.94     2.1000        0.     1.5000     0.60000    20.0100  3.0760
GRB091109B    1.70     1.20001330.0000     2.4000           0.    20.8800       0.
GRB091111     0.50          0.        0.     3.9000           0.    20.5600       0.
GRB091112     0.08     1.5000 750.0000          0.           0.          0.       0.
GRB091117A    2.80     2.7000 663.0000          0.           0.    19.7500       0.
GRB091127    41.35     1.0000  36.0000     1.4000     0.55000    17.1500  0.4903
GRB091130B   12.63     1.3000        0.     1.4000           0.    21.1500       0.
GRB091202     0.18          0.        0.     3.2000           0.    19.4900       0.
GRB091208A    0.09     1.2000 314.0000          0.           0.    19.4000       0.
GRB091208B    8.12     1.2000 144.2000     1.4000     0.60000    17.3400  1.0633
GRB091221     3.32     1.3000 207.0000     1.7000     0.60000    19.5800       0.
GRB091230     0.13          0.        0.     2.1000           0.          0.       0.
GRB100103A    0.47          0. 157.0000     1.7000           0.    21.3000       0.
GRB100111A    2.07     1.2000        0.     1.4000     0.51000    17.8500       0.
GRB100115A    0.38     4.0000        0.     4.1000           0.          0.       0.
GRB100117A    4.18     1.7000 287.0000     3.6000           0.    20.4300  0.9150
GRB100119A    0.07     1.2000 377.0000          0.           0.          0.       0.
GRB100203A    0.18     2.0000        0.          0.           0.          0.       0.
GRB100205A    3.02     2.1000        0.     1.7000           0.    19.0200 11.0000
GRB100206A    1.21     1.5000 506.0000     3.3000           0.    20.7800       0.
GRB100212A    1.09     1.8000 159.3000     1.5000           0.    18.7300       0.
GRB100213A    0.41     1.4000        0.     2.2000           0.    17.2200       0.
GRB100213B    1.83     1.3000        0.     3.5000           0.    19.6700  0.6040
GRB100216A    0.42     3.0000        0.          0.           0.          0.       0.
GRB100219A    3.59     2.2000        0.     1.4000           0.    19.2600  4.6667
GRB100302A   11.44     1.6000        0.     1.5000           0.    21.0200  4.8130
GRB100305A    4.06     1.9000        0.     1.4000           0.    20.9700       0.
GRB100316A    2.32     1.7000        0.     2.2000           0.    20.4900       0.
GRB100316B    3.86     1.4000        0.     1.5000     0.52000    18.7900  1.1800
GRB100316C    2.09     1.9000        0.     1.8000           0.    20.4500  3.5000
GRB100316D    4.51     2.8000        0.     3.7000           0.    18.2500  0.0590
GRB100322B    1.41     4.0000        0.          0.           0.          0.       0.
GRB100324A       0.     2.5000        0.          0.           0.          0.       0.
GRB100331A    0.10          0.        0.          0.           0.          0.       0.
GRB100331B    0.16          0.        0.     1.8000           0.          0.       0.
GRB100401A    0.08     2.0000 144.9000          0.           0.          0.       0.
GRB100413A    0.98     1.5000 446.0000     1.4000           0.    19.8600  3.9000
GRB100413B    0.67     2.0000 547.0000          0.           0.          0.       0.
GRB100414A    1.28          0. 627.6000     2.0000           0.          0.  1.3680
GRB100418A   17.51     2.0000        0.     1.8000     0.67000    19.6000  0.6235
GRB100420A    1.37     4.6000        0.     1.9000           0.    20.3700       0.
GRB100423A    0.07     0.7000 455.0000          0.           0.          0.       0.
GRB100424A    0.23     1.4000        0.     1.7000           0.    19.1800       0.
GRB100425A    4.16     2.2000        0.     1.5000           0.    20.3200  1.7550
GRB100427A    0.42     2.5000 121.0000          0.           0.          0.       0.
GRB100504A    5.39     0.8000  85.7000     1.6000           0.    19.1200       0.
GRB100508A    3.26     2.0000        0.     1.4000     0.60000    19.7000       0.
GRB100513A    4.32     1.4000        0.     1.4000           0.    20.2900  4.7720
GRB100514A    3.86     2.4000        0.     1.7000           0.    19.8300       0.
GRB100518A    0.10          0.        0.     2.2000           0.    20.4900  4.0000
GRB100522A    3.20     1.3000 138.0000     1.4000           0.    20.0300       0.
GRB100526A    3.60     1.8000        0.     1.7000           0.    19.8200       0.
GRB100526B    0.60     2.2000        0.     4.0000           0.    19.7700       0.
GRB100528A    0.20          0. 316.5000     1.7000     0.60000    19.6200       0.
GRB100606A    0.85     1.1000 767.0000     1.4000           0.    19.8700       0.
GRB100614A    5.53     1.6000        0.     1.7000           0.    20.6700       0.
GRB100615A    1.25     0.6000  85.7000     1.4000           0.    19.8800       0.
GRB100619A    3.65     1.0000 143.2000     1.4000           0.    20.2000       0.
GRB100621A   11.11     0.5000  95.0000     1.4000           0.    20.9700  0.5420
GRB100625A    1.23     2.2000 414.0000     1.8000           0.    19.7700       0.
GRB100628A    3.64     2.1000        0.     4.1000           0.    20.6600       0.
GRB100702A    0.55     1.4000        0.     3.6000           0.    20.7400       0.
GRB100704A    8.96     0.8000 178.3000     1.4000           0.    20.0900  3.6000
GRB100713A    0.76          0.        0.     2.4000           0.    19.6200       0.
GRB100719A    0.03     2.0000        0.          0.           0.          0.       0.
GRB100724A    4.74     1.7000        0.     1.5000           0.    20.3900  1.2880
GRB100724B    0.09          0. 467.8000          0.           0.          0.       0.
GRB100725A    1.58     1.2000        0.     1.6000           0.    20.1700       0.
GRB100725B    5.16     1.2000        0.     1.4000           0.    19.5800       0.
GRB100727A    1.43     1.6000        0.     1.4000           0.    20.1700       0.
GRB100728A    4.03     0.5000 353.7000     1.4000           0.    20.0400       0.
GRB100728B    1.40     1.5000 131.0000     1.5000     0.52000    15.9000  2.1060
GRB100802A    8.07     1.1000        0.     1.6000     0.78000    21.1300       0.
GRB100805A    3.92     2.0000        0.     1.4000     0.43000    17.4300  1.3000
GRB100807A    2.59     1.9000        0.     1.6000           0.    20.3400       0.
GRB100814A   47.52     0.5000 106.4000     1.4000     0.60000    17.4400  1.4400
GRB100816A    5.30     0.8000 136.7000     1.4000     0.50000    16.4200  0.8035
GRB100823A    1.71     1.4000        0.     1.5000     0.90000    20.2300       0.
GRB100901A   11.48     3.5000        0.     1.4000     0.60000    17.2200  1.4080
GRB100902A    9.92     1.3000        0.     1.4000           0.    17.2500  4.5000
GRB100904A    0.03     1.5000        0.          0.           0.          0.       0.
GRB100905A    0.74     1.7000        0.     1.5000           0.    20.2100       0.
GRB100906A    4.33     0.5000 106.0000     1.4000     0.61000    14.3900  1.7270
GRB100909A    0.13          0.        0.     5.4000           0.    17.5000       0.
GRB100915A    0.73     2.0000        0.     1.6000           0.    20.4600       0.
GRB100915B    0.15          0.  83.4900          0.           0.    20.3300       0.
GRB100917A    0.03     2.1000        0.          0.           0.          0.       0.
GRB100924A    0.03     0.8000        0.          0.           0.          0.       0.
GRB100928A    0.03     2.3000        0.          0.           0.          0.       0.
GRB101008A    0.53     2.1000        0.     2.0000           0.    19.7900       0.
GRB101011A    0.62     1.2000 296.6000     1.5000     1.10000    21.0900       0.
GRB101017A    1.28     0.5000 600.0000     1.5000     0.72000    19.9800       0.
GRB101020A    0.03     1.8000        0.          0.           0.          0.       0.
GRB101023A    4.28     1.4000 277.0000     1.4000     0.60000    20.6500       0.
GRB101024A    1.51     1.1000  56.2500     1.4000     0.64000    17.2200  2.0000
GRB101030A    0.19     1.1000        0.     1.5000           0.    19.3000       0.
GRB101112A    0.15          0. 107.0000     3.7000           0.    21.0800       0.
GRB101114A    0.56     1.8000 296.0000     2.8000           0.    21.2900       0.
GRB101117B    1.16     1.0000        0.     1.4000     0.43000    16.2500  3.0000
GRB101129A    0.02     3.00001027.0000          0.           0.    19.3300       0.
GRB101201A    0.42     2.0000 275.7000     1.9000     0.50000    18.5300       0.
GRB101204A    3.86          0.        0.     1.6000     0.60000    20.3300       0.
GRB101213A    3.70     1.1000 198.0000     1.4000           0.    20.4000  0.4140
GRB101219A    0.12     1.0000 490.0000     1.7000           0.    19.8600  0.7180
GRB101219B   10.60     3.0000  70.0000     1.5000     0.62000    18.4900  0.5519
GRB101224A    0.48     2.1000 330.0000     3.2000           0.    20.0400       0.
GRB101225A    8.11     3.6000        0.     1.4000           0.    21.4300  0.8740
GRB110102A    9.16     1.8000 476.6000     1.4000     0.50000    16.2100  2.5000
GRB110106A    1.44     2.1000        0.     1.6000           0.    20.3300       0.
GRB110106B    3.10     1.2000        0.     1.4000           0.    19.5400  0.6180
GRB110107A    0.37     3.0000        0.     3.0000           0.    21.1100       0.
GRB110112A    2.75     2.7000        0.     1.6000           0.    20.7600       0.
GRB110112B    0.15          0. 495.0000          0.           0.          0.       0.
GRB110119A    2.60     1.5000 126.3000     1.4000     0.61000    16.9500       0.
GRB110128A    7.22     2.3000        0.     1.6000     1.30000    20.1000  2.3390
GRB110201A    1.90     1.3000        0.     3.5000           0.    20.5400       0.
GRB110205A    3.97     2.2000 222.0000     1.4000     0.63000    17.4900  2.2200
GRB110206A    0.40          0.        0.     1.9000     0.80000          0.       0.
GRB110207A    0.33     1.3000 450.0000          0.           0.          0.       0.
GRB110208A    1.08     1.8000        0.     1.5000           0.    20.6100       0.
GRB110210A    3.36     3.2000        0.     1.4000           0.    19.6700       0.
GRB110212A    0.19     1.4000        0.          0.           0.          0.       0.
GRB110213A    4.47     1.4000  98.4000     1.4000     0.50000    17.0800  1.4600
GRB110213B    0.35          0. 123.0000     2.4000           0.    19.2200  1.0830
GRB110223A    6.07     2.5000        0.     2.0000           0.    18.2000       0.
GRB110223B    3.36     1.8000        0.     1.4000           0.    19.3700       0.
GRB110305A    1.11     1.8000        0.     1.7000           0.    20.3300       0.
GRB110312A    3.17     2.2000        0.     1.4000           0.    19.2600       0.
GRB110315A    4.39     1.0000        0.     1.4000           0.    20.7300       0.
GRB110318A    0.07     0.9000 114.7000          0.           0.          0.       0.
GRB110318B    0.39     1.6000        0.     1.5000           0.    19.8200       0.
GRB110319A    3.08     0.8000        0.     1.4000     0.44000    19.5800       0.
GRB110319B    0.40     1.0000        0.     2.3000           0.    20.0800       0.
GRB110402A    1.51     1.70001025.0000     1.5000           0.    19.6200  1.0000
GRB110407A    4.30     1.5000        0.     1.7000           0.    19.7200       0.
GRB110411A    1.56     0.7000        0.     1.4000           0.    19.6100       0.
GRB110412A    0.39     1.9000        0.          0.           0.          0.       0.
GRB110414A    2.50     1.9000        0.     1.4000           0.    19.8400       0.
GRB110420A   10.37     0.8000  43.0000     1.4000     0.50000    18.5400  1.6000
GRB110420B    1.39     2.2000 296.8000          0.           0.    20.6600       0.
GRB110422A    4.31     0.7000 152.0000     1.4000           0.    18.4200  1.7700
GRB110426A    0.44          0.        0.          0.           0.    19.2900       0.
GRB110428A    1.08          0. 184.0000     2.9000           0.          0.       0.
GRB110503A    9.72     1.0000 219.0000     1.4000     0.50000    16.3000  1.6130
GRB110519A    1.60     0.7000        0.          0.           0.          0.       0.
GRB110520A    0.96     1.1000        0.     1.5000           0.    20.4700       0.
GRB110521A    0.57     2.2000        0.     1.8000           0.    20.4200       0.
GRB110530A    6.47     1.9000        0.     1.4000     0.65000          0.  2.7000
GRB110604A    4.40     5.0000 166.0000     3.7000           0.    20.1000       0.
GRB110608A    0.15          0.        0.          0.           0.          0.       0.
GRB110610A    3.80     0.8000 189.9000     1.5000           0.    20.4800       0.
GRB110625A    0.87     1.3000 209.0000     3.5000           0.    18.9200       0.
GRB110708A    0.64          0.        0.     2.2000           0.    21.2700       0.
GRB110709A    1.68     0.5000 533.0000     1.4000           0.    20.2100       0.
GRB110709B   12.46     1.1000 278.0000     1.4000           0.    21.2500       0.
GRB110715A    6.13     0.4000 120.0000     1.4000     0.56000    15.9100  0.8200
GRB110719A    2.65     1.6000        0.     2.2000           0.    20.8500       0.
GRB110721A    0.15          0. 372.5000     6.8000           0.    19.7000       0.
GRB110726A    3.46     1.7000        0.     1.5000     0.60000    16.9700  1.0360
GRB110731A    8.17     0.5000 317.0000     1.4000     0.50000    13.6800  2.8300
GRB110801A    6.00     1.1000 140.0000     1.5000     0.51000    17.6600  1.8580
GRB110802A    0.79          0.        0.          0.           0.          0.       0.
GRB110808A    7.78     2.7000        0.     1.7000     0.64000    17.8600  1.3480
GRB110815A    0.14          0. 251.0000          0.           0.          0.       0.
GRB110818A    4.29     1.4000 256.3000     1.4000           0.    20.7200  3.3600
GRB110820A    2.99     1.8000        0.     1.8000           0.    20.6100       0.
GRB110825A    2.66          0. 248.0000          0.           0.    19.3400       0.
GRB110827A    0.03     2.1000        0.          0.           0.          0.       0.
GRB110903A    0.19          0. 301.0000     1.6000           0.    19.8700       0.
GRB110906A       0.          0.        0.          0.           0.          0.       0.
GRB110915A    5.05     1.2000 183.0000     1.4000           0.    19.3800       0.
GRB110915B    4.32          0.        0.     1.6000           0.    19.5900       0.
GRB110918A   28.49          0. 150.0000     1.4000     0.55000          0.  0.9840
GRB110921A    5.22     1.7000        0.     1.4000           0.    19.9500       0.
GRB110928A    0.75     2.2000        0.     1.8000           0.    20.6700       0.
GRB111005A    1.58     2.1000        0.          0.           0.          0.       0.
GRB111008A   10.62     1.2000        0.     1.4000           0.    18.8700  4.9898
GRB111016A    4.86     2.2000        0.     1.4000           0.    20.0500       0.
GRB111018A    1.28     2.0000        0.     2.0000           0.    19.6600       0.
GRB111020A    4.72     2.1000        0.     1.6000           0.    19.6200       0.
GRB111022A    1.09     0.9000        0.     3.6000           0.    18.7000       0.
GRB111022B    1.42     2.0000        0.     1.5000           0.    19.8200       0.
GRB111026A    0.03     1.8000        0.          0.           0.          0.       0.
GRB111029A    2.34     1.2000        0.     1.9000           0.    20.3900       0.
GRB111103A    1.03     1.1000 152.2000          0.           0.          0.       0.
GRB111103B    3.32     0.5000 372.0000     1.4000           0.    19.5000       0.
GRB111107A    3.49     1.2000 108.0000     1.5000     0.65000    18.7600  2.8930
GRB111109A    2.28     1.9000        0.     3.8000           0.    19.9400       0.
GRB111117A    1.91     1.8000 370.0000     3.6000           0.    18.9600       0.
GRB111121A    1.92     1.00001780.0000     1.4000           0.    16.5800       0.
GRB111123A    2.20     1.1000        0.     1.4000           0.    19.7100       0.
GRB111126A       0.     3.0000        0.          0.           0.          0.       0.
GRB111129A    3.69     2.1000        0.     1.4000     0.54000    19.4700       0.
GRB111201A    0.18     2.1000        0.     1.8000           0.          0.       0.
GRB111204A    0.63     2.2000        0.     1.9000           0.    20.2400       0.
GRB111205A    0.82          0. 998.0000     4.3000           0.          0.       0.
GRB111207A    0.09          0.        0.          0.           0.          0.       0.
GRB111208A    0.98     2.2000        0.     1.6000           0.          0.       0.
GRB111209A   17.26     0.5000 310.0000     1.4000     0.50000    17.4200  0.6770
GRB111210A    0.24     1.7000        0.     1.9000           0.    19.3300       0.
GRB111211A    5.57          0.        0.     1.4000     0.50000          0.  0.4780
GRB111212A    2.20     1.8000        0.     1.4000           0.    19.9000       0.
GRB111215A   10.09     3.9000        0.     1.4000           0.    20.1000       0.
GRB111215B    0.23          0. 250.0000          0.           0.          0.       0.
GRB111222A    2.10          0. 725.0000     2.9000     0.51000    18.7600       0.
GRB111225A    5.34     1.3000        0.     1.6000     0.67000    21.0600       0.
GRB111228A   19.98     1.4000  34.0000     1.4000     0.75000    17.4200  0.7163
GRB111229A    3.30     2.7000        0.     1.8000     0.55000    19.2000  1.3805
GRB120102A    2.80     0.6000 380.0000     1.4000     0.51000    16.9900       0.
GRB120106A    3.59     1.3000        0.     1.4000           0.    20.0200       0.
GRB120107A    0.11          0. 196.0000          0.           0.          0.       0.
GRB120114A       0.     2.3000        0.          0.           0.          0.       0.
GRB120116A    1.21     0.7000        0.     1.4000           0.    19.2400       0.
GRB120118B    1.00     1.2000        0.     1.4000           0.    19.0900       0.
GRB120119A    4.36     0.4000 189.2000     1.4000     0.59000    18.7300  1.7280
GRB120121A    0.57     1.4000        0.     1.6000           0.    19.8500       0.
GRB120202A    0.36          0.        0.     4.8000           0.    19.4500       0.
GRB120211A    1.84     2.1000        0.     1.6000           0.    20.1500       0.
GRB120212A    3.68     1.6000        0.     1.4000     0.53000    20.2400       0.
GRB120213A    2.91     0.7000        0.     1.4000           0.    20.7400       0.
GRB120215A    3.96     2.0000        0.     1.4000           0.    20.1700       0.
GRB120218A    0.04     1.9000        0.          0.           0.          0.       0.
GRB120219A    2.32     2.2000        0.     1.6000           0.    19.0700       0.
GRB120224A    4.51     2.4000        0.     1.4000           0.    18.9300       0.
GRB120226A    0.21          0.        0.          0.           0.          0.       0.
GRB120229A    0.03     1.9000        0.          0.           0.          0.       0.
GRB120302A    1.58     2.3000        0.     3.2000     0.60000          0.       0.
GRB120305A    1.13     0.9000        0.     1.9000           0.    19.6900       0.
GRB120308A    2.36     1.3000        0.     1.4000     0.55000    17.4800  4.0000
GRB120311A    2.01     1.2000        0.     1.5000           0.    21.1100  3.0000
GRB120311B    0.28     1.3000        0.     1.4000           0.    20.2500       0.
GRB120312A    0.91     2.0000        0.     1.6000           0.    20.5100       0.
GRB120320A    3.62     1.6000        0.     1.7000           0.    19.8700       0.
GRB120324A    1.59     1.1000        0.     1.4000           0.    21.1100       0.
GRB120326A    6.34     0.8000        0.     1.4000     0.50000    19.5900  1.7980
GRB120327A    1.87     1.1000        0.     1.5000     0.48000    17.1500  2.8130
GRB120328A    1.52     1.8000        0.     1.5000           0.    17.9800       0.
GRB120401A    1.39     2.5000        0.     1.5000           0.    20.4100       0.
GRB120403A    0.03     2.3000        0.          0.           0.          0.       0.
GRB120403B    0.16     2.4000        0.     2.2000           0.    20.5200       0.
GRB120404A    2.58     1.2000        0.     1.4000     0.65000    18.8400  2.8760
GRB120419A    0.10          0.        0.     4.5000           0.          0.       0.
GRB120422A   14.50     2.0000        0.     1.8000     1.00000    20.3000  0.2830
GRB120426A    0.07          0.        0.          0.           0.    19.6300       0.
GRB120510A    0.17          0.        0.          0.           0.          0.       0.
GRB120514A    2.67     1.1000        0.     1.5000           0.    19.2800       0.
GRB120521A    0.14     1.7000        0.     1.8000           0.    19.3800       0.
GRB120521B    1.19     1.6000        0.     1.5000           0.    21.2800       0.
GRB120521C    1.18     1.0000        0.     1.6000           0.    19.5800  6.0000
GRB120612A    1.85     1.7000        0.     1.5000           0.    20.5700       0.
GRB120614A    0.15          0.        0.          0.           0.          0.       0.
GRB120622A    0.09          0.        0.          0.           0.          0.       0.
GRB120624B    1.68     1.0000        0.     4.3000           0.          0.  0.3000
GRB120630A    0.09     2.7000        0.     3.9000           0.    19.0500       0.
GRB120701A    0.72     1.3000        0.     1.8000           0.    16.6200       0.
GRB120703A    5.85     1.0000        0.     1.4000     0.52000    19.4300       0.
GRB120709A    0.92          0.        0.          0.           0.    20.2100       0.
GRB120711A    3.74          0.        0.     1.4000           0.    18.1000  1.4510
GRB120711B    0.28     3.2000        0.     1.8000           0.    18.4100       0.
GRB120712A    4.31     1.0000        0.     1.4000     0.50000    14.8000  4.1745
GRB120714A    0.61     1.6000        0.     1.6000           0.    20.9300       0.
GRB120714B    1.87     2.6000        0.     4.5000     0.58000    17.0100  0.3984
GRB120716A    0.07          0.        0.     3.4000           0.          0.  2.4860
GRB120722A    0.55     3.4000        0.     1.7000           0.    20.3600  0.9586
GRB120724A    0.34     2.1000        0.     2.2000     0.77000    20.3500  1.4800
GRB120728A    0.30     1.4000        0.     1.6000           0.    20.3900       0.
GRB120729A    1.96     1.0000        0.     1.4000     0.50000    14.4500  0.8000
GRB120802A    0.22     1.1000        0.     1.4000           0.    20.1300  3.7960
GRB120803A    1.01     2.5000        0.     4.0000           0.    16.9200       0.
GRB120803B    0.22     1.0000        0.     1.7000           0.    20.4100       0.
GRB120804A    4.91     1.0000        0.     1.4000           0.    20.0300       0.
GRB120805A    0.45     2.2000        0.     2.7000           0.    20.1500       0.
GRB120807A    1.32     2.1000        0.     1.8000           0.    19.0000       0.
GRB120811A    1.05     2.6000        0.     2.8000           0.    19.0700       0.
GRB120811C    0.96     1.0000        0.     1.4000     0.52000    18.4700  2.6710
GRB120815A    0.61     1.8000        0.     1.4000     0.60000    17.4000  2.3580
GRB120816A    0.16     2.5000        0.     1.6000     0.60000    16.9900       0.
GRB120817A    0.28     1.5000        0.     1.8000           0.    19.9400       0.
GRB120817B    0.10     2.8000        0.          0.           0.          0.       0.
GRB120819A    0.28     2.9000        0.     1.7000           0.    20.2300  3.0000
GRB120821A    0.03          0.        0.          0.           0.          0.       0.
GRB120830A    0.49          0.        0.     8.0000           0.          0.       0.
GRB120907A    3.12     2.0000        0.     1.4000     0.52000    20.8400  0.9700
GRB120908A    0.16          0.        0.          0.           0.          0.       0.
GRB120909A    1.42     1.2000        0.     1.4000           0.    20.3100  3.9300
GRB120911A    0.27     1.6000        0.     1.6000           0.    20.9300       0.
GRB120913A    0.03     1.2000        0.          0.           0.          0.       0.
GRB120913B    0.09     1.0000        0.          0.           0.          0.       0.
GRB120918A    0.03     1.1000        0.          0.           0.          0.       0.
GRB120919A       0.          0.        0.          0.           0.          0.       0.
GRB120922A    1.56     1.2000        0.     1.4000     0.65000    19.3400  3.1000
GRB120923A    2.76     2.1000        0.     1.9000           0.    18.9900  8.0000
GRB120927A    1.18     1.0000        0.     1.4000           0.    18.9800       0.
GRB121001A    0.65     2.4000        0.     1.8000           0.    19.4100       0.
GRB121011A    0.47     1.8000        0.     1.6000     0.52000    17.4900       0.
GRB121014A    1.31     2.0000        0.          0.           0.          0.       0.
GRB121017A    0.03     1.5000        0.     1.4000           0.    17.9500       0.
GRB121024A    0.85     1.7000        0.     1.4000     0.78000    16.6300  2.2980
GRB121025A    4.60          0.        0.     3.8000           0.          0.       0.
GRB121027A   14.27     1.0000        0.     1.4000           0.    19.0700  1.7730
GRB121028A    0.63     1.5000        0.     1.7000           0.    19.3800       0.
GRB121031A    0.68     1.0000        0.     1.4000           0.    19.5600       0.
GRB121102A    0.45     1.0000        0.     1.4000           0.    20.1500       0.
GRB121108A    3.77     2.2000        0.     1.5000           0.    19.1100       0.
GRB121117A    1.28     1.1000        0.     1.7000     0.60000    20.2600       0.
GRB121123A    1.27     1.8000        0.     1.4000     0.44000    19.0700  2.7000
GRB121125A    1.19     1.2000        0.     1.4000     0.50000    17.2200       0.
GRB121128A    1.64     1.0000        0.     1.4000     0.50000    14.8900  2.2000
GRB121201A    0.57     2.3000        0.     1.4000     0.62000    20.9000  3.3850
GRB121202A    1.85     1.2000        0.     1.4000           0.    20.1800       0.
GRB121209A    0.75     1.7000        0.     1.4000           0.    20.4200  1.7000
GRB121211A    2.68     4.9000        0.     1.4000     0.52000    17.1000  1.0230
GRB121212A    1.32     2.1000        0.     1.4000     0.62000    20.4400  2.0000
GRB121217A    7.17     1.0000        0.     1.4000     0.60000    20.0400  3.0000
GRB121226A    0.83     2.0000        0.     2.1000           0.    20.4000       0.
GRB121229A    1.21     2.8000        0.     1.7000           0.    18.4600  2.7070
