 80   0.54 0
300   0.5  53
100   0.45 0
 70   0.43 0
200   0.41 21
150   0.36 26.5
350   0.34 0
  0.4 0.31 0
200   0.29 107
200   0.22 0
200   0.21 0
200   0.20 0
250   0.19 60
250   0.19 33
100   0.19 26
120   0.18 33
200   0.18 432
100   0.16 34.5
200   0.14 41.6
580   0.14 44
300   0.14 120
250   0.13 25
280   0.13 50
300   0.12 36
150   0.12 54
300   0.12 20
200   0.11 14
280   0.10 48
200   0.10 50
310   0.10 22
  0   0.08 0
300   0.08 107
400   0.07 36
200   0.07 40.2
200   0.07 360
150   0.06 115
300   0.05 0
600   0.05 0
280   0.05 0
350   0.04 72
300   0.03 0
500   0.03 120
100   0.02 0
100   0.02 0
730   0.004 102
250   0.002 66