 0. 0.0006
 3.456002e+01 7.1800
 1.331717e+02 2.5300
 0. 0.0500
 4.824240e+01 0.0005
 8.787428e+01 3.8600
 4.429376e+01 3.1900
 3.817720e+01 5.5300
 0. 2.1300
 0. 0.0500
 0. 7.7700
 1.811820e+02 0.0000
 8.071819e+01 4.8000
 1.042272e+02 1.1800
 0. 0.0005
 3.138417e+01 1.3100
 1.902053e+02 1.1100
 1.851690e+02 4.0300
 8.284544e+01 6.2800
 0. 3.2000
 1.572163e+02 1.0000
 7.589164e+01 1.7100
 3.472204e+02 6.9000
 7.937936e+01 7.0600
 0. 1.8800
 1.833605e+02 0.0004
 0. 11.8900
 8.956210e+02 0.0000
 1.466724e+02 0.0011
 1.245800e+02 0.3550
 0. 0.0006
 1.090728e+00 0.0014
 7.150718e+02 3.3800
 6.021003e+02 7.1200
 0. 4.4200
 4.140742e+01 6.6000
 0. 6.6000
 0. 11.7100
 0. 2.2800
 0. 4.0100
 6.245421e+02 0.0000
 1.274845e+02 2.4000
 2.502718e+02 1.0000
 1.229693e+02 7.6700
 1.318663e+03 0.0440
 1.841888e+02 0.0500
 2.925876e+02 5.5500
 0. 1.5000
 4.470075e+01 4.7000
 2.148935e+02 4.0400
 2.012177e+02 0.5000
 7.358793e+01 8.0000
 0. 2.8600
 2.490943e+03 11.2000
 0. 1.6700
 8.692477e+01 2.1000
 4.598404e+01 10.6900
 4.365476e+02 0.6700
 3.277892e+02 2.6000
 0. 1.0300
 2.437063e+02 8.9700
 1.376107e+02 12.3000
 1.680559e+02 3.6400
 0. 0.0100
 3.207663e+02 3.3400
 9.927387e+02 8.8000
 6.197627e+02 0.0006
 5.201727e+01 3.8100
 6.615938e+02 0.0000
 3.889756e+01 6.3400
 6.573149e+02 0.5840
 3.474070e+02 1.3900
 2.563750e+02 10.1200
 0. 15.5600
 5.276056e+01 4.8200
 1.241955e+02 3.7500
 0. 0.0000
 1.558751e+02 5.5100
 9.629655e+03 9.0300
 1.986562e+02 1.9600
 1.837631e+01 0.0000
 0. 0.0500
 5.586382e+02 11.6000
 0. 0.3620
 0. 3.4400
 0. 6.5100
 8.171317e+01 0.0000
 1.997152e+02 0.0000
 0. 1.0000
 0. 9.9900
 0. 0.0000
 4.038758e+02 0.9000
 1.369397e+02 3.4800
 4.615915e+02 1.0300
 8.494955e+01 1.4100
 0. 2.0900
 0. 2.2000
 1.120896e+03 2.0000
 4.186892e+01 13.8000
 2.452299e+01 1.0000
 1.546796e+02 8.7000
 1.511158e+02 1.7400
 1.608431e+02 0.0000
 9.530955e+02 2.0700
 0. 0.0010
 1.039986e+02 2.6200
 6.106939e+02 4.8000
 0. 0.0500
 2.454934e+02 11.9300
 7.535366e+01 5.0500
 0. 17.2000
 0. 7.6000
 2.178730e+02 0.0000
 0. 1.2800
 1.788918e+01 0.0000
 0. 3.1000
 2.594851e+02 3.0000
 3.061006e+01 6.5100
 1.236597e+03 2.9100
 1.394382e+02 9.3200
 3.244403e+01 0.0000
 5.006738e+01 4.9400
 0. 10.4900
 2.018029e+02 1.0000
 8.626655e+01 11.0000
 9.380730e+01 2.0400
 1.161728e+02 5.4000
 1.515395e+02 1.5900
 4.920239e+02 0.4600
 1.268192e+02 5.6900
 1.820813e+02 0.0300
 1.845341e+02 2.8900
 5.654263e+01 5.6500
 6.437980e+01 5.4400
 5.912222e+02 10.6000
 1.628083e+02 11.5000
 1.262384e+03 1.4600
 0. 2.3900
 1.788745e+02 3.0100
 0. 8.2600
 0. 6.7700
 6.341618e+01 5.8000
 1.979775e+02 12.0000
 0. 1.1200
 1.468506e+03 1.0000
 0. 5.1800
 2.734977e+02 4.0900
 4.251039e+02 17.8200
 0. 6.7800
 4.852201e+02 7.4700
 1.882001e+02 3.0100
 1.166277e+02 6.3000
 0. 2.6100
 0. 10.1200
 2.659360e+02 0.0000
 1.887608e+02 3.8600
 0. 11.7200
 1.355354e+02 1.6000
 5.134766e+02 3.6000
 8.034511e+01 12.6500
 0. 1.1400
 7.885704e+02 2.5900
 7.225495e+01 4.7200
 1.453937e+02 3.7900
 7.500705e+01 2.5700
 0. 5.2800
 6.790688e+01 5.1600
 1.627589e+02 2.6000
 0. 3.2600
 1.259744e+02 7.2900
 8.642416e+01 15.1667
 4.928818e+01 5.7600
 1.025434e+02 5.9300
 5.334002e+02 1.0000
 1.626388e+02 1.5400
 0. 11.8000
 0. 14.7900
 8.608596e+01 2.5600
 0. 21.3200
 1.980302e+04 3.6700
 1.194428e+02 10.6200
 0. 10.3700
 0. 1.0000
 6.202190e+01 3.3000
 0. 1.0800
 1.152196e+02 9.5000
 8.150303e+01 4.2000
 6.396589e+02 0.0000
 3.613575e+01 10.8400
 0. 4.9000
 0. 1.2100
 2.329854e+02 8.9100
 0. 1.3700
 6.414953e+01 3.6000
 1.370860e+02 17.9000
 3.626653e+02 2.0300
 1.316450e+03 10.9900
 4.014156e+02 8.2700
 1.685805e+03 1.2000
 6.179343e+01 5.1700
 0. 3.7600
 0. 0.0500
 1.534217e+02 7.8500
 6.853801e+02 0.0500
 1.284005e+02 5.7000
 1.617819e+02 1.1800
 0. 0.5000
 1.683057e+03 0.0000
 1.976673e+02 3.5300
 8.154681e+01 4.7100
 4.172816e+02 3.5000
 0. 1.6200
 0. 10.6500
 7.808328e+01 4.7500
 3.400335e+01 4.5200
 8.362687e+02 5.8700
 0. 11.1000
 4.865322e+02 0.0011
 8.248509e+01 0.0500
 1.336904e+02 9.3000
 2.472492e+02 2.1100
 3.487650e+02 1.9000
 1.733446e+02 8.2900
 4.512908e+02 0.4460
 1.427195e+02 0.0000
 5.291877e+01 11.9600
 1.069048e+02 4.6000
 0. 4.4200
 1.991160e+03 13.2000
 0. 1.2200
 9.311668e+01 13.6000
 0. 4.9300
 0. 1.5000
 1.522742e+02 1.0200
 3.987813e+01 5.8000
 5.636025e+01 0.0016
 1.535546e+02 1.0000
 2.024219e+02 10.8900
 1.223676e+02 4.7000
 1.878859e+02 1.0000
 1.011395e+02 5.4500
 1.098387e+00 3.8400
 6.658797e+01 6.1100
 3.193243e+02 0.0001
 2.805868e+01 3.2500
 1.785524e+02 0.0000
 2.789346e+02 5.5600
 1.144409e+03 14.4000
 0. 1.6500
 5.410975e+02 12.6400
 0. 14.8200
 5.221479e+02 1.1000
 0. 7.6600
 0. 2.9900
 3.197856e+02 4.9800
 4.910282e+02 1.0000
 3.566295e+02 4.6600
 2.759812e+02 1.0000
 0. 5.5500
 4.016208e+01 2.1000
 1.294687e+03 1.9200
 3.220945e+02 0.0010
 1.121633e+02 17.1200
 1.007045e+02 3.7600
 1.566824e+02 2.4200
 1.073925e+02 1.2000
 7.976975e+02 4.6000
 8.068502e+01 4.7600
 0. 10.9400
 6.321072e+02 5.7300
 0. 1.0000
 1.860307e+02 12.8500
 0. 1.6800
 1.080524e+02 3.0900
 0. 5.3400
 7.888293e+02 1.0400
 0. 0.2000
 0. 5.7600
 1.112826e+02 12.6000
 3.472456e+02 11.0300
 8.734582e+01 7.0800
 0. 1.4000
 1.074394e+02 9.3300
 1.114592e+02 2.2000
 1.762454e+02 0.3200
 1.271940e+04 7.3800
 1.467658e+02 4.1000
 0. 0.9000
 3.771116e+02 9.3200
 1.082425e+03 8.3000
 1.674789e+02 0.0000
 0. 3.9200
 2.600980e+02 1.7500
 9.060560e+02 12.5000
 1.294949e+02 1.0600
 0. 18.4800
 4.301905e+03 0.0000
 1.758784e+02 4.9200
 0. 0.5100
 0. 1.0000
 2.477497e+02 1.0000
 6.099550e+02 16.3600
 6.679472e+01 6.9000
 0. 3.3100
 1.550521e+02 17.4400
 1.073905e+02 0.0500
 1.995747e+02 8.3000
 1.745241e+02 3.5800
 1.510174e+02 5.7000
 3.069923e+02 13.0700
 1.261321e+02 8.1700
 1.253158e+02 4.2800
 1.415546e+02 6.4600
 1.372082e+02 1.0000
 1.479838e+02 0.0500
 1.756638e+02 0.0010
 4.356352e+02 6.7400
 0. 7.3500
 1.465461e+02 12.4000
 5.604264e+02 1.0400
 2.389275e+02 1.3300
 3.681554e+01 8.1500
 7.205332e+01 2.8000
 2.945468e+02 1.0000
 0. 1.2100
 2.270980e+02 2.5300
 1.310707e+02 13.4700
 8.694232e+01 0.0000
 4.066531e+02 1.6200
 1.885337e+02 5.4667
 8.461330e+02 1.0000
 3.445610e+02 1.9800
 1.124226e+02 0.0500
 1.609804e+02 9.0600
 1.348152e+03 15.0300
 3.484425e+03 4.5700
 0. 7.3700
 0. 7.6800
 0. 37.4500
 9.524007e+01 8.3200
 4.159524e+02 2.7900
 1.016625e+03 7.7900
 1.560923e+02 0.9000
 1.629724e+02 1.2100
 0. 0.0014
 0. 0.0010
 2.778673e+02 2.5200
 0. 7.8400
 0. 2.5000
 0. 0.4600
 1.198574e+02 2.4000
 1.273649e+02 4.1000
 0. 6.3900
 0. 2.9700
 0. 5.2900
 0. 2.7000
 0. 2.2000
 1.600122e+02 5.4000
 3.492197e+01 13.3000
 0. 0.1000
 1.530706e+02 2.0200
 5.179357e+01 17.3900
 6.374503e+02 10.6300
 3.844671e+01 2.5200
 0. 11.8300
 1.891961e+02 4.2000
 3.221000e+01 9.6400
 6.569719e+01 2.1400
 6.793321e+02 8.1000
 0. 4.8600
 4.254716e+01 0.0500
 4.125594e+01 4.3000
 1.356018e+02 0.0010
 0. 11.1300
 2.412185e+02 18.1000
 0. 0.4500
 0. 0.0200
 3.549032e+01 0.0002
 3.112320e+02 0.0000
 1.609762e+02 1.0000
 0. 0.2500
 0. 1.6100
 1.820772e+03 18.3400
 1.245129e+02 0.5000
 0. 0.0008
 0. 10.1100
 1.598428e+01 0.0500
 1.278093e+02 5.9700
 0. 5.3700
 1.495948e+02 2.1200
 5.843575e+02 16.6500
 0. 8.3400
 0. 17.2400
 0. 3.2900
 1.098623e+02 7.9900
 1.363141e+02 4.0300
 2.467687e+02 7.7000
 1.408005e+03 4.6400
 0. 0.4500
 1.170417e+02 2.0300
 1.811954e+03 5.7000
 1.676290e+02 1.6100
 0. 0.0500
 2.250837e+02 9.9800
 0. 6.4600
 3.239758e+02 0.0000
 1.818227e+01 10.4000
 0. 8.4600
 4.482618e+01 2.7700
 5.388457e+01 3.6900
 0. 8.4600
 0. 3.3600
 4.907462e+02 8.6000
 0. 8.1300
 0. 8.1600
 1.056137e+02 4.5000
 5.670292e+02 5.8400
 1.057347e+02 4.9900
 5.642094e+01 0.0160
 3.539663e+02 1.0000
 4.136043e+02 7.3200
 5.484382e+01 1.0700
 6.100065e+01 10.4500
 1.114840e+02 4.5000
 2.672841e+02 15.1100
 0. 10.8600
 1.092230e+02 0.0050
 2.903706e+02 0.0020
 0. 8.5400
 1.429277e+02 0.0330
 3.022397e+02 6.2200
 6.183538e+02 2.6000
 1.170975e+02 3.6700
 1.017931e+02 17.3400
 1.000746e+02 3.3700
 2.234298e+02 1.0000
 0. 0.0500
 1.259765e+02 12.3500
 1.369900e+02 12.0000
 0. 9.4400
 1.503045e+01 4.6000
 7.383461e+02 4.2900
 1.568933e+02 3.6900
 1.421193e+03 0.0200
 0. 4.5800
 0. 0.0015
 1.420519e+02 0.0000
 0. 5.3200
 2.309355e+02 5.8800
 0. 0.0500
 0. 21.4800
 0. 8.7800
 2.474517e+01 7.4900
 0. 1.1900
 2.354786e+02 6.5500
 9.528652e+01 1.0000
 3.699005e+02 0.0000
 1.874351e+02 1.8400
 2.080477e+01 3.5000
 1.045302e+02 3.8300
 0. 3.9900
 0. 12.1000
 1.193169e+03 2.1700
 5.676590e+02 3.5700
 0. 0.0006
 0. 0.0010
 6.520963e+01 8.0000
 9.631278e+01 7.6800
 0. 5.3700
 3.029676e+02 1.2000
 1.054148e+00 2.5000
 0. 0.0500
 0. 1.0000
 0. 1.0000
 2.274928e+02 12.3000
 5.022763e+01 4.1500
 8.246743e+01 4.5000
 1.060699e+02 0.0010
 3.545005e+01 2.6100
 4.832894e+01 4.2100
 0. 9.0600
 1.024492e+02 4.9900
 0. 4.9800
 1.832531e+02 0.0013
 2.806939e+02 2.0000
 1.544041e+02 2.6700
 0. 0.0500
 0. 1.0000
 1.207576e+02 3.2400
 0. 0.0000
 9.422172e+02 10.4000
 3.022999e+02 5.5000
 4.795586e+01 6.0000
 2.303715e+02 24.3500
 6.731966e+02 0.5200
 5.102502e+01 0.0000
 2.038124e+02 2.1000
 1.571111e+02 18.3900
 0. 10.6200
 2.609849e+02 7.4500
 0. 12.8800
 6.398590e+01 3.9600
 2.378751e+02 2.1000
 0. 15.8700
 1.750750e+02 2.7400
 4.159277e+01 4.0000
 8.786192e+01 9.3400
 5.304553e+02 1.3400
 3.775336e+02 8.4500
 2.286436e+02 7.3100
 0. 1.5000
 1.039421e+02 4.3400
 0. 4.0700
 1.681690e+02 3.8000
 0. 4.2800
 0. 1.7100
 1.744665e+02 1.5000
 1.352740e+03 1.0000
 2.238095e+02 6.5000
 1.893183e+02 2.4800
 1.560508e+03 5.3000
 6.559286e+02 5.8600
 2.485824e+02 1.0000
 1.297922e+02 3.1000
 1.251255e+02 1.3000
 0. 1.0000
 0. 5.3100
 5.012059e+01 7.1000
 0. 8.8400
 4.306470e+01 0.0500
 0. 6.0400
 6.944636e+02 8.5300
 5.812194e+02 1.0000
 1.192238e+00 7.6800
 0. 2.5900
 2.871192e+02 2.7900
 1.047275e+02 0.4200
 9.197665e+01 2.3900
 1.527284e+02 10.1300
 0. 9.0000
 1.016101e+02 5.9000
 0. 0.0010
 1.866074e+01 3.8000
 1.433277e+02 1.0000
 3.541086e+02 11.9100
 1.677415e+02 7.8400
 4.150975e+01 1.3200
 0. 3.0800
 0. 0.0013
 0. 2.1300
 0. 1.0000
 0. 2.1800
 1.127636e+03 0.1200
 0. 1.0000
 1.380799e+02 4.8000
 1.867403e+02 1.2000
 1.618192e+03 0.0000
 2.645942e+02 1.1400
 1.939615e+02 2.6700
 1.098395e+02 0.0500
 9.097337e+02 0.0000
 2.298556e+02 2.3900
 1.296668e+03 17.9900
 2.136724e+03 8.8400
 1.986825e+02 8.8800
 0. 7.7100
 2.693328e+02 7.5700
 0. 1.6000
 0. 0.0010
 0. 0.0000
 1.624663e+02 9.7200
 2.437928e+02 0.0000
 0. 0.0400
 0. 6.0300
 3.135698e+02 0.0500
 0. 0.0013
 0. 1.7600
 1.517597e+02 3.6400
 0. 5.7900
 2.000822e+02 1.6100
 0. 6.5400
 1.017091e+02 2.5200
 0. 5.8600
 0. 1.0000
 3.029970e+01 7.3900
 2.869486e+02 3.6300
 0. 19.6700
 0. 6.1700
 3.109753e+01 6.8400
 2.781991e+02 45.7400
 7.560210e+02 9.3000
 0. 9.9900
 6.130060e+01 4.3000
 7.596531e+01 2.4900
 1.936893e+02 1.4100
 2.249013e+02 1.5000
 0. 5.3500
 1.746065e+02 4.8200
 4.849711e+02 1.0000
 0. 0.0000
 0. 2.4200
 1.043839e+02 3.8200
 7.437691e+02 17.9700
 2.140114e+02 0.0000
 1.105318e+03 8.2200
 1.264805e+02 9.6000
 5.592454e+01 11.0300
 1.491076e+03 1.6800
 0. 0.0010
 0. 7.2400
 4.037653e+01 15.4700
 3.160677e+03 12.6300
 4.620958e+01 2.0900
 2.861130e+01 8.0200
 1.057273e+03 7.8300
 0. 0.0013
 1.104563e+02 1.0000
 2.394507e+02 1.5200
 1.150933e+02 11.7000
 0. 12.3900
 6.172583e+02 0.5220
 3.917353e+01 11.8100
 1.122559e+03 5.4000
 7.767920e+02 2.5200
 7.813226e+01 2.1000
 2.502888e+02 9.4200
 8.599913e+01 1.8300
 0. 3.9100
 7.705157e+02 6.8800
 0. 4.0300
 2.674865e+02 1.3600
 7.055120e+02 1.9900
 0. 5.3800
 1.723656e+02 2.4000
 8.014372e+01 2.6000
 0. 1.6900
 1.566692e+02 1.8100
 0. 4.9700
 3.835871e+02 8.0300
 2.764849e+02 4.6200
 1.075126e+02 2.1100
 0. 4.2500
 0. 2.6600
 3.334696e+02 5.9800
 1.657849e+02 0.0005
 0. 8.1900
 3.531673e+01 0.0170
 7.579653e+01 2.8000
 3.152017e+01 2.5800
 3.884177e+03 0.3700
 3.151758e+01 2.5700
 1.239659e+02 14.2400
 6.660555e+01 7.3000
 0. 0.4500
 1.114520e+03 4.4000
 4.235974e+02 0.0018
 1.138805e+02 23.1700
 0. 9.9400
 0. 3.9600
 2.800570e+02 7.5000
 4.403466e+02 6.3300
 0. 5.2300
 6.635634e+02 0.0005
 2.250148e+02 3.7300
 7.214275e+01 2.1000
 4.699290e+02 8.7000
 1.491102e+03 3.5000
 1.482793e+02 5.4000
 6.376491e+02 0.0000
 2.667526e+02 9.2300
 9.912923e+01 5.7500
 1.334394e+02 0.0001
 1.641386e+02 5.5500
 4.798589e+02 5.0000
 8.328857e+01 5.1300
 0. 0.0000
 8.888084e+01 5.2500
 2.556016e+02 4.0000
 4.604163e+02 0.0010
 5.537811e+01 5.9300
 0. 0.0500
 7.323392e+01 0.0500
 0. 5.8600
 5.552545e+02 0.0217
 9.728090e+02 2.6900
 1.684800e+02 11.4300
 0. 7.1400
 1.586531e+02 5.1400
 0. 16.6800
 0. 3.9900
 0. 4.4200
 0. 1.6700
 7.676238e+01 5.0800
 1.501265e+03 3.7400
 7.498751e+01 7.5400
 2.874857e+02 1.1100
 0. 4.4200
 0. 10.5000
 1.968329e+02 2.4000
 0. 6.9000
 1.268609e+03 3.0000
 3.107297e+01 3.9000
 2.183998e+01 9.6400
 5.352387e+01 11.0600
 0. 6.7800
 0. 0.0000
 0. 11.4100
 0. 6.5800
 4.185947e+02 18.8200
 0. 5.2600
 2.314544e+02 0.1490
 1.783537e+02 5.9400
 1.975862e+02 0.0009
 2.019072e+02 0.0010
 6.419061e+01 1.0000
 0. 2.3000
 0. 0.0010
 0. 4.0500
 0. 12.1500
 6.711919e+01 2.1000
 1.007422e+02 4.4500
 1.340863e+02 7.7300
 1.076993e+03 0.3000
 3.337349e+01 3.5700
 1.804145e+02 1.4100
 2.177016e+02 4.0300
 7.440872e+01 7.3700
 4.695626e+02 2.1500
 0. 8.2500
 0. 14.7000
 6.600605e+01 0.0000
 0. 15.2700
 0. 12.2800
 1.636318e+02 1.2000
 3.845468e+01 0.0006
 0. 1.8000
 7.080995e+01 3.5000
 6.328963e+02 0.0000
 1.820295e+02 4.4700
 0. 3.3900
 5.894614e+01 9.8300
 0. 4.9000
 0. 3.0000
 0. 1.0000
 2.930701e+03 4.7400
 1.459745e+02 1.2300
 1.549098e+02 2.6900
 2.113500e+02 6.0600
 3.263254e+02 7.9000
 0. 0.0700
 7.648299e+01 4.3600
 1.539614e+02 0.0000
 6.231426e+01 15.6200
 2.650507e+01 0.0010
 5.070154e+02 2.2100
 3.063282e+01 1.0000
 8.510412e+01 2.6000
 4.848097e+02 5.7500
 1.012551e+00 10.3200
 3.599461e+01 11.0500
 2.441502e+02 13.6900
 7.243799e+02 9.3300
 0. 3.9500
 0. 3.7200
 9.821218e+01 1.7900
 5.747409e+02 9.1900
 2.819193e+01 4.9000
 1.245630e+02 1.9200
 1.103807e+02 4.9000
 5.127473e+02 1.2000
 3.384903e+01 3.9600
 3.555633e+02 0.0004
 6.305338e+02 8.6000
 6.765510e+02 7.5400
 1.743558e+02 2.5300
 1.506598e+02 4.0900
 0. 3.7100
 0. 0.0270
 0. 2.7800
 1.608509e+02 2.4100
 6.152243e+01 10.6700
 1.781553e+03 0.1600
 5.417907e+01 1.0000
 0. 2.2400
 0. 2.7400
 2.499169e+02 1.8000
 0. 6.9400
 8.017226e+01 10.8200
 4.716563e+01 2.9400
 2.642581e+02 2.5600
 6.066144e+02 4.4500
 1.627582e+02 7.3000
 0. 5.9300
 3.007763e+02 5.3300
 3.039743e+02 4.0900
 8.186218e+02 2.6900
 1.488357e+02 5.5800
 2.614474e+02 13.0000
 4.957880e+01 0.0350
 0. 1.6800
 0. 0.0010
 0. 0.0500
 0. 10.9100
 0. 14.3400
 2.715613e+02 0.0005
 2.730138e+02 4.8200
 0. 15.2700
 2.744490e+02 0.0283
 1.637358e+02 1.0000
 1.221685e+03 3.9000
 0. 1.5000
 4.389406e+02 0.0006
 0. 0.1300
 9.593052e+01 1.5300
 1.644259e+02 0.0010
 2.811818e+01 7.2300
 8.373113e+02 4.6600
 1.017900e+02 2.7600
 1.267036e+02 0.0015
 4.955175e+02 23.6100
 5.790970e+01 0.0500
 1.629229e+02 2.0000
 2.676744e+01 2.4000
 1.109518e+02 2.4600
 0. 2.4300
 1.449742e+03 0.0420
 6.969957e+01 0.1520
 0. 2.8200
 0. 4.9900
 0. 10.0300
 1.498120e+02 15.2000
 7.992487e+01 5.5300
 0. 0.0013
 1.927897e+02 0.0000
 0. 0.0500
 0. 0.2646
 5.190658e+02 8.6300
 1.324993e+02 2.1000
 3.087886e+02 3.0800
 9.657218e+02 3.8300
 1.425190e+02 0.3100
 1.021167e+02 1.0000
 1.324715e+02 1.0000
 9.152182e+02 29.3300
 2.329009e+02 10.8200
 0. 0.0013
 2.915336e+02 0.0800
 1.708776e+02 3.3200
 0. 5.5000
 0. 2.4300
 2.493310e+02 1.1600
 5.342775e+01 6.4900
 1.214845e+03 3.7600
 0. 0.0500
 1.455153e+02 2.1700
 2.094470e+02 1.0000
 8.149410e+01 1.4800
 1.054714e+03 0.0005
 5.865013e+01 4.6000
 1.013402e+02 8.1700
 1.335878e+02 0.1570
 1.361430e+02 3.6700
 2.515634e+02 10.2000
 0. 6.4100
 2.680122e+02 2.5000
 5.123239e+01 11.3300
 0. 1.7900
 1.149546e+03 23.8300
 0. 10.0300
 0. 1.6900
 1.373524e+02 0.0000
 1.986766e+03 7.9000
 1.058179e+02 2.7800
 6.750635e+01 3.2300
 0. 0.0006
 0. 4.2200
 0. 10.1600
 2.087228e+02 1.8100
 1.475624e+02 6.4000
 1.037974e+02 1.6000
 2.888268e+01 4.0600
 4.210795e+02 0.0000
 0. 10.6800
 0. 2.1900
 1.409419e+02 3.8000
 9.835700e+01 4.2300
 1.072128e+02 11.5600
 0. 5.8400
 1.207464e+02 3.6000
 0. 0.0005
 0. 13.7300
 0. 8.1900
 9.493259e+01 4.1100
 0. 1.1400
 2.104935e+03 1.8000
 1.718825e+02 7.2000
 1.993260e+03 5.1800
 2.148665e+02 5.7100
 2.761727e+02 0.0000
 0. 7.2000
 1.205019e+02 7.0700
 6.593367e+01 2.6300
 0. 4.6300
 3.404489e+02 9.1400
 2.075312e+01 8.8600
 5.985547e+01 1.0000
 8.449157e+01 7.0800
 1.715249e+02 16.4900
 7.620648e+01 2.6000
 3.570941e+02 3.8000
 7.914123e+01 8.3000
 4.047166e+01 6.9000
 1.868912e+03 5.8600
 0. 4.7000
 0. 8.6600
 4.912948e+02 3.9400
 2.976393e+02 3.9000
 4.347277e+01 3.6000
 2.057558e+02 7.6500
 5.293182e+01 9.6800
 1.511272e+02 1.4200
 1.425617e+02 4.5400
 1.712569e+02 2.8100
 7.754291e+02 2.9300
 1.188441e+02 6.7500
 6.160421e+01 2.9300
 3.000000e+02 16.8000
 0. 2.0200
 0. 5.2400
 3.248822e+02 11.4000
 1.083901e+02 0.0500
 0. 11.1700
 3.672776e+02 0.0005
 0. 0.3000
 1.440402e+02 3.3000
 0. 7.0600
 1.145594e+02 8.4800
 4.386446e+01 3.2300
 0. 0.0006
 4.896030e+02 0.0000
 0. 6.7000
 3.701388e+02 3.5500
 0. 0.0001
 0. 11.1000
 1.104898e+02 4.6000
 6.876304e+01 10.2400
 5.220508e+01 2.6200
 2.971299e+01 1.6700
 4.229622e+01 2.8000
 1.005944e+03 0.1770
 3.306786e+02 21.8600
 4.129253e+01 0.0000
 0. 16.7100
 6.292872e+02 4.1000
 0. 1.2100
 3.789758e+01 2.9900
 0. 14.8400
 1.029989e+02 21.5200
 3.484900e+02 1.7000
 1.392046e+02 12.0000
 2.325598e+02 2.4200
 1.106014e+02 18.6300
 0. 1.0000
 9.864942e+02 11.3900
 0. 3.1800
 0. 2.2200
 1.431544e+03 0.0433
 0. 7.0700
 8.735386e+01 3.2800
 2.599363e+01 1.1800
 1.022091e+02 4.0900
 4.379198e+01 7.2000
 1.254921e+02 2.0000
 0. 1.5000
 1.469927e+02 2.5300
 2.724323e+01 7.2000
 2.295949e+02 0.0500
 3.373302e+02 2.1200
 2.700347e+01 3.0600
 1.121559e+02 3.8000
 2.139997e+02 1.2500
 6.122069e+01 5.1500
 0. 12.8900
 0. 9.2900
 0. 0.0050
 2.301087e+02 18.1000
 0. 3.6200
 1.318735e+02 12.7200
 1.479441e+02 1.5000
 0. 4.3200
 1.181280e+02 4.3000
 0. 4.2333
 0. 6.2700
 1.501858e+02 12.8100
 0. 19.3700
 0. 0.0500
 5.969387e+02 9.6300
 8.123471e+01 0.0014
 4.908239e+01 7.1700
 3.065813e+01 5.6000
 1.014495e+03 31.6200
 1.188659e+02 4.3400
 0. 8.3000
 4.507478e+01 2.9000
 0. 1.4100
 7.379562e+01 4.0600
 8.792975e+02 12.2300
 1.296977e+02 0.0500
 1.111292e+03 4.8200
 2.154249e+02 9.7000
 2.018600e+02 1.5000
 0. 8.0600
 2.322305e+02 12.4000
 0. 10.4700
 6.479258e+02 8.5400
 0. 10.4300
 0. 18.2300
 1.730319e+03 0.0017
 1.746543e+02 0.0017
 5.502723e+02 8.8000
 9.814727e+01 4.1000
 0. 0.0005
 1.292002e+02 2.3900
 5.655774e+01 2.0200
 1.148024e+02 1.1900
 0. 4.1200
 0. 0.0500
 1.030312e+02 5.5600
 6.967172e+01 0.0004
 4.378374e+02 10.3700
 4.362831e+02 3.8000
 3.415471e+01 5.6500
 0. 2.2800
 0. 1.2000
 2.054318e+02 8.0500
 0. 8.3700
 4.419910e+02 1.0000
 0. 0.0002
 6.734197e+02 4.8000
 2.160531e+02 9.8000
 8.100656e+01 4.5300
 0. 0.0583
 0. 4.9300
 4.800451e+02 1.1500
 1.618501e+02 1.0000
 0. 0.0500
 0. 8.7700
 1.551569e+02 2.3500
 1.295604e+02 0.0000
 4.719243e+01 1.7100
 0. 4.6700
 1.899360e+02 1.9200
 2.442357e+02 0.0000
 1.792369e+02 1.1700
 0. 19.7700
 5.456057e+02 3.6900
 2.250699e+02 7.0000
 0. 0.2580
 7.891715e+01 3.8700
 0. 5.7200
 2.497983e+02 6.0100
 3.218315e+02 0.0000
 0. 7.1200
 7.472926e+01 0.0500
 3.623410e+02 6.4000
 0. 8.0600
 1.598313e+02 1.0000
 0. 12.2700
 0. 0.0500
 6.817722e+01 4.9600
 9.976964e+02 0.0000
 8.376135e+01 9.6900
 1.007615e+03 1.7000
 6.236521e+01 7.1000
 4.401982e+01 0.0000
 0. 16.1900
 0. 2.6200
 3.531179e+01 12.2200
 0. 2.0600
 0. 1.0000
 0. 0.5425
 1.615118e+02 5.6000
 6.205206e+02 3.2600
 2.543044e+02 0.0000
 3.468670e+03 8.7000
 1.368102e+02 0.0380
 1.088613e+02 1.0000
 0. 2.2300
 5.108946e+01 13.6000
 0. 1.5100
 2.000400e+02 2.2500
 0. 6.1300
 1.601296e+02 1.0000
 3.876955e+02 15.1000
 0. 1.8700
 8.866683e+02 4.9000
 1.061803e+02 0.0500
 1.795738e+02 0.0000
 0. 11.0700
 5.406209e+02 0.0000
 1.822145e+02 0.1500
 9.199110e+01 0.0005
 4.524298e+01 0.0014
 0. 16.1400
 0. 7.5200
 1.689762e+00 3.5700
 1.502282e+02 13.3900
 0. 0.0500
 0. 5.6400
 7.208661e+02 4.6600
 0. 3.3200
 0. 0.0420
 0. 0.0001
 9.970166e+02 1.5000
 6.427278e+01 2.5300
 1.143302e+02 2.0800
 3.199805e+01 2.1000
 0. 1.3800
 4.811270e+02 0.0500
 7.407125e+02 0.5000
 4.393164e+01 0.0005
 0. 2.2700
 0. 3.1900
 0. 1.0000
 1.563781e+02 1.2400
 6.256673e+01 7.1500
 0. 3.9300
 2.107721e+02 1.0000
 0. 0.0020
 1.343649e+02 1.7100
 0. 5.8700
 1.293427e+02 5.2800
 1.233186e+02 2.5900
 3.581826e+02 0.8800
 3.267961e+02 8.8500
 0. 3.0800
 1.187024e+02 0.0005
 9.668767e+01 5.0700
 1.468740e+02 0.0013
 0. 6.2000
 4.147892e+02 1.2000
 0. 0.0000
 4.314294e+02 1.0000
 5.756381e+02 7.9400
 7.345035e+02 5.6800
 1.494860e+02 5.4200
 0. 1.2400
 4.840077e+01 7.4000
 0. 0.0001
 0. 0.0010
 2.499938e+03 5.7200
 9.516723e+01 9.9000
 2.149985e+02 1.2000
 5.334967e+01 0.0010
 4.453867e+02 0.0600
 3.325336e+02 5.3900
 7.142313e+01 3.7500
 2.481572e+02 1.0000
 3.823033e+01 1.0000
 0. 1.5000
 8.082214e+01 0.0200
 6.396852e+01 0.1500
 2.154131e+02 2.7300
 1.071771e+02 5.7000
 8.182555e+01 0.0017
 4.205910e+02 0.0001
 1.977897e+02 3.2700
 0. 4.8800
 1.642713e+02 12.7800
 0. 7.7000
 9.345002e+01 7.4600
 0. 3.6400
 0. 0.0006
 2.921024e+02 5.9000
 6.610604e+02 2.4500
 0. 0.0500
 1.831488e+02 11.2000
 0. 9.4800
 2.475883e+02 2.6000
 9.337007e+01 12.0800
 1.740722e+00 1.5800
 0. 12.7700
 2.792448e+02 13.1500
 2.004836e+01 5.6500
 0. 7.1400
 1.529606e+02 2.6000
 0. 0.2200
 1.925045e+02 15.4000
 0. 15.8100
 2.036941e+00 2.1100
 9.297804e+01 11.2000
 0. 0.2300
 0. 15.0400
 0. 7.9400
 0. 2.4000
 1.038585e+02 0.0000
 0. 14.6400
 0. 1.6000
 1.939238e+01 9.5000
 0. 0.0100
 0. 6.6300
 0. 8.2300
 0. 6.0700
 3.010677e+02 26.6500
 2.116010e+02 9.1800
 2.830241e+02 1.3800
 3.311968e+02 11.6400
 1.795330e+02 8.4900
 0. 0.0500
 1.870875e+00 4.4000
 6.130420e+00 3.6000
 2.241704e+02 1.0000
 2.036167e+02 1.5000
 2.618588e+02 13.8700
 2.559644e+02 9.4100
 2.326855e+02 2.0000
 8.951402e+01 11.2500
 0. 3.5900
 0. 12.9500
 7.901646e+01 3.2700
 0. 26.2700
 2.258046e+02 3.9000
 0. 0.0006
 0. 3.7300
 7.026199e+02 5.5300
 3.099843e+02 0.0006
 4.861887e+02 11.7700
 7.020864e+01 5.2000
 2.981212e+02 0.9270
 0. 2.1000
 0. 5.0900
 0. 0.0010
 0. 0.0011
 1.283097e+02 1.2100
 5.266420e+02 0.0006
 2.902422e+02 12.4100
 0. 14.1500
 0. 7.1600
 4.338636e+02 7.2600
 1.849561e+02 9.2400
 0. 5.1800
 0. 3.4600
 0. 2.2800
 2.596280e+02 11.0500
 9.249044e+02 14.8400
 0. 6.9800
 4.522732e+02 4.3300
 0. 1.0000
 2.179603e+01 8.7000
 7.800735e+01 6.8100
 0. 17.8000
 7.108949e+02 8.0000
 9.479481e+01 1.3000
 1.244982e+03 15.4100
 3.134569e+02 3.2900
 0. 50.0000
 0. 0.1139
 0. 0.0002
 3.398299e+02 0.0004
 1.660981e+02 0.0000
 8.339849e+01 7.3900
 0. 10.0100
 4.438972e+02 6.8100
 4.390334e+01 7.3000
 1.066228e+02 0.0000
 0. 6.6400
 1.173849e+02 1.0800
 9.402687e+01 3.9000
 1.337334e+02 2.8100
 0. 0.0010
 0. 0.0014
 1.243135e+02 2.3400
 0. 4.7600
 0. 2.7000
 9.081947e+01 4.6600
 5.087490e+02 10.3500
 1.662153e+02 1.0000
 0. 0.0500
 0. 6.7700
 2.535638e+02 1.2000
 0. 4.8100
 1.897259e+02 16.9000
 8.442397e+02 0.4000
 0. 0.1000
 5.779475e+02 1.0000
 1.740303e+02 2.2200
 1.469344e+02 4.8000
 1.031956e+02 3.1000
 0. 0.0400
 0. 9.1800
 7.401003e+01 6.9000
 0. 3.5600
 0. 2.0800
 0. 0.0500
 6.776478e+01 4.0700
 6.114786e+01 4.6000
 9.061730e+01 7.8600
 3.175260e+02 1.0000
 4.137635e+01 7.6600
 0. 2.6000
 1.014010e+02 4.2000
 1.202035e+03 1.5000
 1.802648e+02 1.3700
 0. 0.0500
 2.231905e+02 0.0008
 3.546074e+01 9.2900
 3.417586e+02 7.5800
 6.265318e+02 4.2100
 0. 29.8500
 9.590144e+02 0.0005
 1.110421e+03 6.0400
 4.733864e+01 7.4500
 2.413819e+01 6.0900
 3.129706e+02 5.0000
 1.609919e+02 4.4600
 0. 5.8600
 1.118857e+02 0.0217
 0. 3.6900
 8.436500e+01 4.2000
 4.788282e+01 5.3500
 1.980884e+02 1.0000
 9.350916e+01 0.0300
 0. 3.1200
 0. 1.0400
 1.419599e+02 1.7000
 0. 5.3900
 2.899410e+01 8.5400
 1.585449e+02 6.3500
 1.532994e+02 23.8333
 0. 2.4400
 2.837891e+02 1.0000
 0. 6.1400
 3.641110e+02 14.5200
 0. 2.6700
 1.065928e+03 5.4000
 1.419167e+02 1.0000
 2.155931e+02 0.0005
 2.837673e+01 10.8000
 3.987779e+02 1.0000