Results from heasarc_fermilpsc a x heasarc_qso b: Cross Correlation of Fermi LAT Second Source Catalog with Hewitt & Burbidge (1993) QSO Catalog
Coordinate system:  Equatorial
 a_name  a_ra a_dec a_flux_1_100_gev a_flux_1_100_gev_error a_spectral_index a_spectral_index_error a_detection_significance a_assoc_name_1  b_name b_ra  b_dec b_app_mag b_redshift _xoffset 
 2FGLJ0022.5+0607 00 22 34.3 +06 07 25  2.22152e-09  2.00753e-10  2.09146  0.06305   19.3359718 PKS0019+058  HB930019+058  00 22 28.72 +06 09 08.8 19.20  -1.  2.217 
 2FGLJ0030.2-4223 00 30 17.4 -42 23 11  9.69665e-10  1.34756e-10  2.61311  0.07979   15.8006458 PKS0027-426  HB930027-426  00 30 17.59 -42 24 46.3 19.00  1.660  1.593 
 2FGLJ0038.3-2457 00 38 19.8 -24 57 47  8.11853e-10  1.36140e-10  2.38663  0.11068    9.8479710 PKS0035-252  HB930035-252  00 38 14.69 -24 59 02.0 17.50  1.196  1.706 
 2FGLJ0049.7-5738 00 49 46.7 -57 38 46  5.11915e-10  1.07618e-10  2.22792  0.16209    6.3263769 PKS0047-579  HB930047-579  00 49 59.67 -57 38 28.7 18.50  1.797  1.766 
 2FGLJ0050.6-0929 00 50 40.3 -09 29 45  3.85325e-09  2.52543e-10  2.13969  0.04080   30.6415062 PKS0048-09   HB930048-097  00 50 41.32 -09 29 04.9 16.27  -1.  0.715 
 2FGLJ0051.0-0648 00 51 00.6 -06 48 29  1.24673e-09  1.66499e-10  2.21611  0.08536   11.2487001 PKS0048-071  HB930048-071  00 51 08.41 -06 49 56.5 19.50  1.974  2.420 
 2FGLJ0108.6+0135 01 08 41.7 +01 35 27  6.35094e-09  3.02294e-10  2.26238  0.04152   60.4940300 4C+01.02     HB930106+013  01 08 38.74 +01 35 00.5 18.39  2.107  0.847 
 2FGLJ0112.1+2245 01 12 07.8 +22 45 49  7.13038e-09  3.16949e-10  2.06590  0.02753   49.4183388 S2 0109+22   HB930109+224  01 12 05.79 +22 44 39.1 16.41  -1.  1.260 
 2FGLJ0112.8+3208 01 12 49.7 +32 08 19  4.55874e-09  2.59554e-10  2.31038  0.03299   39.4861374 4C31.03      HB930110+318  01 12 50.34 +32 07 16.8 18.00  0.603  1.050 
 2FGLJ0113.2-3557 01 13 15.7 -35 57 03  3.93998e-10  1.10429e-10  2.16284  0.19289    4.4930148 PMNJ0113-3551 HB930110-362  01 13 09.14 -35 58 17.4 20.00  2.090  1.818 
 2FGLJ0113.2-3557 01 13 15.7 -35 57 03  3.93998e-10  1.10429e-10  2.16284  0.19289    4.4930148 PMNJ0113-3551 HB930110-363  01 13 09.64 -36 06 10.8 19.40  2.280  9.219 
 2FGLJ0113.2-3557 01 13 15.7 -35 57 03  3.93998e-10  1.10429e-10  2.16284  0.19289    4.4930148 PMNJ0113-3551 HB930111-363  01 13 19.44 -36 05 45.0 19.10  1.810  8.742 
 2FGLJ0116.0-1134 01 16 00.7 -11 34 17  1.49674e-09  1.66886e-10  2.44387  0.06555   17.8599205 PKS0113-118  HB930113-118  01 16 12.51 -11 36 17.0 18.50  0.672  3.521 
 2FGLJ0118.8-2142 01 18 53.8 -21 42 22  4.33450e-09  2.61675e-10  2.12153  0.05675   40.3492165 PKS0116-219  HB930116-219  01 18 57.26 -21 41 28.9 19.00  1.161  1.194 
 2FGLJ0120.4-2700 01 20 29.7 -27 00 54  4.34975e-09  2.59444e-10  1.92657  0.03872   35.1770554 PKS0118-272  HB930118-272  01 20 31.64 -27 01 24.2 15.56  -1.  0.663 
 2FGLJ0132.8-1654 01 32 51.4 -16 54 07  2.13403e-09  1.87986e-10  2.44521  0.04991   25.4806957 PKS0130-17   HB930130-171  01 32 43.40 -16 54 46.6 18.44  1.022  2.023 
 2FGLJ0136.9+4751 01 36 57.5 +47 51 40  7.19571e-09  3.18201e-10  2.14760  0.04069   51.9001160 OC457        HB930133+476  01 36 58.59 +47 51 27.2 17.66  0.859  0.275 
 2FGLJ0137.6-2430 01 37 37.4 -24 30 32  1.04641e-09  1.40708e-10  2.42331  0.08141   13.9053392 PKS0135-247  HB930135-247  01 37 38.40 -24 30 54.6 17.33  0.831  0.451 
 2FGLJ0141.5-0928 01 41 34.9 -09 28 51  1.63586e-09  1.76139e-10  2.03300  0.07225   15.8208799 PKS0139-09   HB930138-097  01 41 25.85 -09 28 44.3 17.50  -1.  2.240 
 2FGLJ0145.1-2732 01 45 06.9 -27 32 53  2.05551e-09  1.78775e-10  2.58362  0.04730   28.7973461 PKS0142-278  HB930142-278  01 45 03.41 -27 33 32.0 19.00  1.153  1.015 
 2FGLJ0205.4+3211 02 05 27.4 +32 11 39  4.77244e-10  1.15175e-10  2.66362  0.13626    6.0042310 B2 0202+31   HB930202+319  02 05 04.93 +32 12 30.4 18.23  1.466  4.838 
 2FGLJ0205.3-1657 02 05 19.0 -16 57 53  7.43602e-10  1.22938e-10  2.68485  0.09130   12.7585964 PKS0202-17   HB930202-172  02 04 57.72 -17 01 19.7 16.99  1.740  6.150 
 2FGLJ0210.7-5102 02 10 47.0 -51 02 04  3.79074e-09  2.36742e-10  2.39530  0.03593   35.8367729 PKS0208-512  HB930208-512  02 10 46.20 -51 01 02.0 16.93  1.003  1.048 
 2FGLJ0217.7+7353 02 17 43.5 +73 53 55  7.26428e-10  1.51755e-10  2.82436  0.10596    8.4632635 S5 0212+73   HB930212+735  02 17 30.85 +73 49 33.0 19.00  2.367  4.459 
 2FGLJ0217.9+0143 02 17 56.0 +01 43 49  5.65841e-09  2.94065e-10  2.15159  0.03109   42.2751350 PKS0215+015  HB930215+015  02 17 48.95 +01 44 50.0 18.33  1.715  2.033 
 2FGLJ0222.6+4302 02 22 38.8 +43 02 09  2.56070e-08  6.08790e-10  1.84737  0.02386   95.0168457 3C66A        HB930219+428  02 22 39.62 +43 02 08.3 15.58  0.444  0.148 
 2FGLJ0222.0-1615 02 22 04.2 -16 15 52  5.70891e-10  1.17699e-10  2.46747  0.12369    6.8807125 PKS0219-164  HB930219-164  02 22 00.75 -16 15 16.5 19.00  -1.  1.023 
 2FGLJ0226.5-4444 02 26 31.7 -44 44 02  3.82744e-10  1.18129e-10  1.56939  0.26706    5.6117520 RBS 0318     HB930225-449  02 26 59.43 -44 43 53.4 19.20  1.700  4.921 
 2FGLJ0237.8+2846 02 37 53.2 +28 46 39  3.76602e-09  2.54040e-10  2.15822  0.06070   36.5140076 4C+28.07     HB930234+285  02 37 52.42 +28 48 05.5 18.91  1.213  1.446 
 2FGLJ0238.7+1637 02 38 42.1 +16 37 27  1.86752e-08  5.07456e-10  2.02322  0.02474   91.8354568 AO0235+164   HB930235+164  02 38 38.90 +16 37 00.2 15.50  0.940  0.881 
 2FGLJ0259.5+0740 02 59 35.9 +07 40 56  6.34100e-10  1.46447e-10  2.38827  0.13629    5.2944412 PKS0256+075  HB930256+075  02 59 27.07 +07 47 48.7 18.00  0.893  7.226 
 2FGLJ0303.5+4713 03 03 30.9 +47 13 08  1.84573e-09  1.95662e-10  2.24009  0.06744   14.2471161 4C+47.08     HB930300+470  03 03 35.22 +47 16 16.2 17.21  -1.  3.224 
 2FGLJ0309.1+1027 03 09 09.6 +10 27 31  1.51501e-09  1.96755e-10  2.25939  0.07734   10.7106571 PKS0306+102  HB930306+102  03 09 03.78 +10 29 12.3 18.00  -1.  2.221 
 2FGLJ0312.6+0132 03 12 39.9 +01 32 46  1.46807e-09  1.76050e-10  2.26009  0.07554   13.2483273 PKS0310+013  HB930310+013  03 12 43.62 +01 33 16.5 17.50  0.664  1.057 
 2FGLJ0319.6+1849 03 19 38.3 +18 49 36  1.05762e-09  1.66304e-10  1.55094  0.11249   11.4920225 RBS 0413     HB930317+185  03 19 52.36 +18 46 13.6 18.12  -1.  4.742 
 2FGLJ0326.1+0224 03 26 10.8 +02 24 45  1.29022e-09  1.75342e-10  2.05630  0.09621   10.7734041 1H0323+022   HB930323+022  03 26 13.92 +02 25 14.7 17.48  -1.  0.916 
 2FGLJ0334.3-3728 03 34 20.3 -37 28 07  3.42088e-09  2.34697e-10  1.99184  0.04527   28.3080788 PMNJ0334-3725 HB930332-374  03 34 11.27 -37 19 44.1 17.40  0.947  8.569 
 2FGLJ0334.2-4008 03 34 14.3 -40 08 54  4.32581e-09  2.54787e-10  2.18878  0.03560   38.3389053 PKS0332-403  HB930332-403  03 34 13.69 -40 08 25.4 18.50  1.445  0.494 
 2FGLJ0339.4-0144 03 39 29.0 -01 44 37  1.34735e-09  1.71222e-10  2.47543  0.07156   14.0442028 PKS0336-01   HB930336-019  03 39 30.90 -01 46 35.3 17.60  0.852  2.030 
 2FGLJ0348.6-2750 03 48 36.4 -27 50 56  6.46819e-10  1.19694e-10  2.32007  0.13014    8.3727484 PKS0346-27   HB930346-279  03 48 38.12 -27 49 12.6 19.40  0.988  1.769 
 2FGLJ0403.9-3604 04 03 56.6 -36 04 11  5.55237e-09  2.85618e-10  2.29845  0.04098   66.5416489 PKS0402-362  HB930402-362  04 03 53.82 -36 05 01.3 17.17  1.417  1.018 
 2FGLJ0405.8-1309 04 05 49.0 -13 09 54  4.59138e-10  1.14734e-10  2.34667  0.16276    5.0285621 PKS0403-13   HB930403-132  04 05 34.01 -13 08 13.5 17.17  0.571  4.006 
 2FGLJ0407.3-3826 04 07 18.1 -38 26 10  2.00511e-09  1.89773e-10  2.33780  0.06267   21.3561592 PKS0405-385  HB930405-385  04 06 58.92 -38 26 27.2 17.50  1.285  3.766 
 2FGLJ0416.8+0105 04 16 50.1 +01 05 32  6.94434e-10  1.41807e-10  1.98086  0.15620    6.7800241 1ES0414+009  HB930414+009  04 16 52.41 +01 05 24.3 17.59  -1.  0.587 
 2FGLJ0416.7-1849 04 16 46.3 -18 49 50  1.17937e-09  1.55617e-10  2.19514  0.08751   12.4372225 PKS0414-189  HB930414-189  04 16 36.55 -18 51 08.4 18.50  1.536  2.656 
 2FGLJ0423.2-0120 04 23 13.7 -01 20 32  6.64969e-09  3.17218e-10  2.29829  0.02840   46.3699493 PKS0420-01   HB930420-014  04 23 15.80 -01 20 32.9 17.76  0.915  0.529 
 2FGLJ0424.7+0034 04 24 46.4 +00 34 20  1.85885e-09  1.99767e-10  2.30119  0.07059   15.1692610 PKS0422+00   HB930422+004  04 24 46.79 +00 36 06.5 16.05  -1.  1.779 
 2FGLJ0428.6-3756 04 28 41.0 -37 56 00  3.11290e-08  6.82034e-10  1.94600  0.02315  104.6794586 PKS0426-380  HB930426-380  04 28 40.47 -37 56 19.9 19.00  1.030  0.345 
 2FGLJ0439.0-1252 04 39 02.3 -12 52 02  4.65215e-10  1.23277e-10  2.35415  0.16759    4.3901601 PKS0436-129  HB930436-129  04 38 34.93 -12 50 56.6 19.80  1.277  6.756 
 2FGLJ0442.7-0017 04 42 44.6 -00 17 37  5.92129e-09  2.89448e-10  2.44092  0.02698   51.3445740 PKS0440-00   HB930440-003  04 42 38.68 -00 17 43.5 17.00  0.844  1.491 
 2FGLJ0453.1-2807 04 53 07.0 -28 07 15  1.92970e-09  1.75212e-10  2.65579  0.04874   27.9658489 PKS0451-28   HB930451-282  04 53 14.63 -28 07 38.0 18.50  2.559  1.731 
 2FGLJ0456.1-4613 04 56 10.0 -46 13 03  1.39827e-09  1.57885e-10  2.62296  0.06257   19.5312061 PKS0454-46   HB930454-463  04 55 50.69 -46 15 59.0 17.40  0.858  4.436 
 2FGLJ0457.0-2325 04 57 04.3 -23 25 38  2.26585e-08  5.41960e-10  2.03338  0.02129  126.2310104 PKS0454-234  HB930454-234  04 57 03.21 -23 24 52.6 16.60  1.003  0.793 
 2FGLJ0501.2-0155 05 01 16.6 -01 55 52  9.07328e-10  1.48391e-10  2.51724  0.09733   10.2301388 S30458-02    HB930458-020  05 01 12.75 -01 59 14.9 18.40  2.286  3.517 
 2FGLJ0505.8-0411 05 05 48.3 -04 11 55  6.01834e-10  1.37111e-10  2.21288  0.14339    5.1188488 S30503-04    HB930503-043  05 05 51.31 -04 19 16.1 18.50  -1.  7.382 
 2FGLJ0507.5-6102 05 07 32.1 -61 02 36  1.29611e-09  1.54830e-10  2.36475  0.08219   14.0174637 PMNJ0507-6104 HB930506-612  05 06 44.10 -61 09 40.9 16.85  1.093  9.149 
 2FGLJ0523.0-3628 05 23 04.6 -36 28 07  4.88315e-09  2.70050e-10  2.42140  0.03072   45.7591362 PKS0521-36   HB930521-365  05 22 57.95 -36 27 30.9 14.50  -1.  1.464 
 2FGLJ0538.8-4405 05 38 49.4 -44 05 02  3.70807e-08  6.83200e-10  2.01159  0.01616  164.9924316 PKS0537-441  HB930537-441  05 38 50.39 -44 05 09.7 15.50  0.894  0.218 
 2FGLJ0539.3-2841 05 39 23.1 -28 41 51  6.08648e-10  1.14679e-10  2.82537  0.10026   11.7769709 PKS0537-286  HB930537-286  05 39 54.30 -28 39 56.2 20.00  3.110  7.097 
 2FGLJ0608.0-0836 06 08 03.7 -08 36 40  1.78298e-09  2.23841e-10  2.35765  0.07749   11.6031094 PKS0605-08   HB930605-085  06 07 59.68 -08 34 48.7 18.50  0.870  2.099 
 2FGLJ0635.5-7516 06 35 33.3 -75 16 26  1.72958e-09  1.76115e-10  2.64783  0.05593   20.8586922 PKS0637-75   HB930637-752  06 35 46.53 -75 16 17.1 15.75  0.656  0.854 
 2FGLJ0648.7-1739 06 48 47.2 -17 39 57  1.30178e-09  2.10392e-10  2.29530  0.10102    7.6257052 TXS0646-176  HB930646-176  06 48 28.33 -17 44 05.6 19.10  1.232  6.114 
 2FGLJ0721.9+7120 07 21 54.2 +71 20 58  1.83265e-08  4.31144e-10  2.00700  0.02143  115.2077560 S5 0716+71   HB930716+714  07 21 53.39 +71 20 36.2 15.50  -1.  0.376 
 2FGLJ0738.0+1742 07 38 05.7 +17 42 09  5.16413e-09  2.81377e-10  2.04654  0.03495   36.8335075 PKS0735+17   HB930735+178  07 38 07.38 +17 42 19.1 15.10  -1.  0.438 
 2FGLJ0739.2+0138 07 39 16.5 +01 38 53  2.53782e-09  2.26186e-10  2.22871  0.07838   26.1878853 PKS0736+01   HB930736+017  07 39 18.01 +01 37 04.6 16.05  0.191  1.845 
 2FGLJ0750.6+1230 07 50 36.5 +12 30 51  1.48247e-09  1.69583e-10  2.42434  0.06785   15.7545700 OI280        HB930748+126  07 50 52.09 +12 31 05.2 17.80  0.889  3.807 
 2FGLJ0757.1+0957 07 57 09.0 +09 57 46  2.04948e-09  1.94705e-10  2.19241  0.06070   18.9432869 PKS0754+100  HB930754+100  07 57 06.65 +09 56 35.0 15.71  -1.  1.314 
 2FGLJ0808.2-0750 08 08 14.3 -07 50 59  1.50200e-08  4.83981e-10  1.92791  0.03010   71.3188629 PKS0805-07   HB930805-077  08 08 15.62 -07 51 11.4 18.40  1.837  0.398 
 2FGLJ0811.4+0149 08 11 29.7 +01 49 56  1.25526e-09  1.60148e-10  2.26171  0.08100   12.8856716 OJ014        HB930808+019  08 11 26.67 +01 46 51.4 17.50  -1.  3.169 
 2FGLJ0818.2+4223 08 18 17.4 +42 23 54  7.21141e-09  3.13144e-10  2.14173  0.02664   51.0467644 S4 0814+42   HB930814+425  08 18 16.00 +42 22 45.4 18.50  0.258  1.172 
 2FGLJ0824.9+5552 08 24 56.3 +55 52 38  8.31648e-10  1.23977e-10  2.68365  0.08351   13.9833517 OJ535        HB930820+560  08 24 47.24 +55 52 43.1 18.00  1.417  1.266 
 2FGLJ0824.7+3914 08 24 42.1 +39 14 42  4.05920e-10  1.13772e-10  2.63872  0.16681    5.5361004 4C+39.23     HB930821+394  08 24 55.43 +39 16 41.7 18.50  1.216  3.259 
 2FGLJ0825.9+0308 08 25 54.7 +03 08 39  6.71500e-10  1.31443e-10  1.96857  0.16808    7.2041502 PKS0823+033  HB930823+033  08 25 50.36 +03 09 24.9 18.00  0.506  1.323 
 2FGLJ0825.9-2229 08 25 55.5 -22 29 58  4.54263e-09  2.79173e-10  2.07645  0.03985   30.3378830 PKS0823-223  HB930823-223  08 26 02.21 -22 30 27.3 15.70  -1.  1.636 
 2FGLJ0830.5+2407 08 30 35.0 +24 07 19  1.12176e-09  1.43344e-10  2.67369  0.07033   17.3415718 S30827+24    HB930827+243  08 30 52.10 +24 10 59.9 17.26  0.939  5.366 
 2FGLJ0831.9+0429 08 31 56.8 +04 29 10  4.99930e-09  2.83007e-10  2.04695  0.05398   38.3502960 PKS0829+046  HB930829+046  08 31 48.90 +04 29 39.4 16.66  -1.  2.024 
 2FGLJ0841.6+7052 08 41 40.7 +70 52 49  7.21613e-10  9.94045e-11  2.94780  0.07301   15.9778986 4C+71.07     HB930836+710  08 41 24.36 +70 53 41.9 16.50  2.170  1.600 
 2FGLJ0839.4+1802 08 39 27.1 +18 02 09  3.85368e-10  9.99640e-11  2.45680  0.19977    4.9167409 TXS0836+182  HB930836+182  08 39 30.72 +18 02 47.3 16.80  -1.  1.080 
 2FGLJ0840.7+1310 08 40 45.9 +13 10 48  7.58847e-10  1.38044e-10  2.35652  0.10706    8.0345726 3C207        HB930838+133A 08 40 47.59 +13 12 23.5 18.15  0.684  1.637 
 2FGLJ0840.7+1310 08 40 45.9 +13 10 48  7.58847e-10  1.38044e-10  2.35652  0.10706    8.0345726 3C207        HB930838+134  08 41 24.16 +13 13 54.1 19.60  0.723  9.802 
 2FGLJ0854.8+2005 08 54 51.1 +20 05 54  3.54994e-09  2.41069e-10  2.23193  0.04331   27.2308636 OJ287        HB930851+202  08 54 48.89 +20 06 30.5 14.00  0.306  0.800 
 2FGLJ0858.1-1952 08 58 07.9 -19 52 35  8.11311e-10  1.58895e-10  2.40551  0.12005    6.9726601 PKS0855-19   HB930855-196  08 58 05.30 -19 50 37.2 18.70  0.659  2.057 
 2FGLJ0903.4+4651 09 03 28.6 +46 51 33  4.29169e-10  1.07355e-10  2.27023  0.17646    5.3740139 S40859+47    HB930859+470  09 03 04.13 +46 51 04.0 18.70  1.462  4.203 
 2FGLJ0904.9-5735 09 04 57.9 -57 35 04  1.55730e-09  2.08012e-10  1.98312  0.08828   10.3517628 PKS0903-57   HB930903-573  09 04 53.22 -57 35 03.6 19.00  0.695  0.621 
 2FGLJ0909.1+0121 09 09 08.4 +01 21 58  3.21287e-09  2.46245e-10  2.57745  0.06167   22.8378792 PKS0906+01   HB930906+015  09 09 10.10 +01 21 35.8 17.79  1.018  0.558 
 2FGLJ0909.7-0229 09 09 43.9 -02 29 48  1.96803e-09  1.89899e-10  2.27802  0.05872   19.2354927 PKS0907-023  HB930907-023  09 09 44.94 -02 31 30.2 18.56  0.957  1.731 
 2FGLJ0915.8+2932 09 15 51.1 +29 32 38  2.11457e-09  1.88532e-10  1.87473  0.06401   19.9426842 B20912+29    HB930912+297  09 15 52.41 +29 33 24.0 16.00  -1.  0.815 
 2FGLJ0917.0+3900 09 17 03.6 +39 00 10  3.90238e-10  9.73758e-11  2.53290  0.16088    5.8770590 S40913+39    HB930913+391A 09 16 48.89 +38 54 28.1 18.50  1.250  6.373 
 2FGLJ0917.0+3900 09 17 03.6 +39 00 10  3.90238e-10  9.73758e-11  2.53290  0.16088    5.8770590 S40913+39    HB930913+391B 09 16 48.94 +38 54 26.9 20.00  1.269  6.386 
 2FGLJ0921.9+6216 09 21 58.4 +62 16 42  8.15118e-10  1.20849e-10  2.51218  0.09256   12.4982576 OK630        HB930917+624  09 21 36.22 +62 15 52.6 19.50  1.440  2.704 
 2FGLJ0920.9+4441 09 20 56.6 +44 41 49  9.10169e-09  3.34595e-10  2.10906  0.03327   75.9408951 S40917+44    HB930917+449  09 20 58.44 +44 41 53.4 19.00  2.180  0.329 
 2FGLJ0927.9-2041 09 27 54.5 -20 41 40  5.98871e-10  1.30652e-10  2.52917  0.12274    6.8535671 PKS0925-203  HB930925-203  09 27 51.77 -20 34 52.3 16.40  0.348  6.831 
 2FGLJ0948.8+4040 09 48 48.4 +40 40 42  4.19697e-10  1.01358e-10  2.55591  0.15692    6.6458435 4C+40.24     HB930945+408  09 48 55.31 +40 39 44.1 17.50  1.252  1.623 
 2FGLJ0955.9+6936 09 55 55.6 +69 36 56  1.02292e-09  1.32356e-10  2.28047  0.08705   12.4641590 M82          HB930951+699  09 55 49.74 +69 40 40.4 20.20  0.850  3.782 
 2FGLJ0955.9+6936 09 55 55.6 +69 36 56  1.02292e-09  1.32356e-10  2.28047  0.08705   12.4641590 M82          HB930952+698  09 56 59.99 +69 38 49.7 20.00  2.053  5.919 
 2FGLJ0955.9+6936 09 55 55.6 +69 36 56  1.02292e-09  1.32356e-10  2.28047  0.08705   12.4641590 M82          HB930953+698A 09 57 22.59 +69 38 20.9 21.00  2.058  7.706 
 2FGLJ0957.7+5522 09 57 43.9 +55 22 54  1.12075e-08  3.75313e-10  1.83056  0.03445   75.1579056 4C+55.17     HB930953+556  09 56 42.13 +55 21 43.6 18.00  1.410  8.856 
 2FGLJ0955.9+6936 09 55 55.6 +69 36 56  1.02292e-09  1.32356e-10  2.28047  0.08705   12.4641590 M82          HB930953+698B 09 57 28.65 +69 36 16.6 21.00  2.033  8.133 
 2FGLJ0957.7+5522 09 57 43.9 +55 22 54  1.12075e-08  3.75313e-10  1.83056  0.03445   75.1579056 4C+55.17     HB930953+555  09 56 45.88 +55 21 00.4 18.00  1.405  8.461 
 2FGLJ0956.9+2516 09 56 57.4 +25 16 52  1.26115e-09  1.55216e-10  2.39409  0.07389   14.4647675 OK290        HB930953+254  09 56 49.89 +25 15 16.0 17.13  0.712  2.336 
 2FGLJ0957.7+5522 09 57 43.9 +55 22 54  1.12075e-08  3.75313e-10  1.83056  0.03445   75.1579056 4C+55.17     HB930954+556  09 57 38.73 +55 22 59.1 17.70  0.909  0.741 
 2FGLJ0958.6+6533 09 58 36.5 +65 33 26  1.35781e-09  1.51680e-10  2.41530  0.06723   16.8029747 S40954+65    HB930954+658  09 58 47.99 +65 33 51.7 16.70  -1.  1.261 
 2FGLJ1007.1-2157 10 07 10.4 -21 57 01  9.03420e-10  1.47430e-10  2.52976  0.09552   10.5654383 PKS1004-217  HB931004-217  10 06 46.32 -21 59 23.8 16.89  0.331  6.062 
 2FGLJ1015.1+4925 10 15 09.2 +49 25 57  7.79979e-09  3.33652e-10  1.72251  0.04429   54.0722313 1H1013+498   HB931011+496  10 15 04.16 +49 26 01.6 16.15  -1.  0.829 
 2FGLJ1023.6+3947 10 23 40.9 +39 47 39  5.72003e-10  1.10204e-10  2.43833  0.12482    8.0435686 4C+40.25     HB931020+400  10 23 11.70 +39 48 16.9 17.50  1.250  5.653 
 2FGLJ1033.2+4117 10 33 12.1 +41 17 10  1.13253e-09  1.38845e-10  2.44369  0.07548   15.7135353 S41030+41    HB931030+415  10 33 03.47 +41 16 05.1 18.20  1.120  1.955 
 2FGLJ1040.7+0614 10 40 43.7 +06 14 45  1.09054e-09  1.50272e-10  2.52314  0.08413   13.6916952 4C+06.41     HB931038+064  10 41 17.15 +06 10 17.1 16.81  1.265  9.446 
 2FGLJ1042.6+8053 10 42 38.0 +80 53 13  4.58420e-10  1.07457e-10  2.54016  0.15138    4.6402369 S5 1039+81   HB931039+811  10 44 23.08 +80 54 39.2 16.50  1.260  4.395 
 2FGLJ1058.4+0133 10 58 27.5 +01 33 59  5.11639e-09  2.95688e-10  2.21744  0.03914   31.4826698 4C+01.28     HB931055+019  10 57 53.72 +01 38 05.1 20.50  1.064  9.381 
 2FGLJ1058.4+0133 10 58 27.5 +01 33 59  5.11639e-09  2.95688e-10  2.21744  0.03914   31.4826698 4C+01.28     HB931055+017B 10 58 07.67 +01 28 43.8 20.50  1.940  7.223 
 2FGLJ1058.4+0133 10 58 27.5 +01 33 59  5.11639e-09  2.95688e-10  2.21744  0.03914   31.4826698 4C+01.28     HB931055+018  10 58 29.62 +01 33 58.8 18.28  0.888  0.533 
 2FGLJ1058.4+0133 10 58 27.5 +01 33 59  5.11639e-09  2.95688e-10  2.21744  0.03914   31.4826698 4C+01.28     HB931056+017  10 59 00.97 +01 29 48.8 20.30  2.518  9.351 
 2FGLJ1103.4-2330 11 03 29.6 -23 30 11  4.94312e-10  1.29898e-10  1.80114  0.20931    5.1830678 1ES1101-232  HB931101-232  11 03 37.68 -23 29 30.7 16.55  -1.  1.963 
 2FGLJ1104.4+3812 11 04 28.8 +38 12 48  2.96657e-08  6.05502e-10  1.77058  0.01202  131.4910736 Mkn421       HB931101+384  11 04 27.32 +38 12 31.9 13.82  -1.  0.394 
 2FGLJ1107.2-4448 11 07 16.7 -44 48 24  9.25478e-10  1.61034e-10  2.67085  0.09558   10.5579510 PKS1104-445  HB931104-445  11 07 08.70 -44 49 08.0 18.20  1.598  1.599 
 2FGLJ1112.4+3450 11 12 25.8 +34 50 59  1.68345e-09  1.68767e-10  2.36664  0.06153   19.3353462 TXS1109+350  HB931109+350  11 12 38.75 +34 46 39.1 18.50  1.945  5.072 
 2FGLJ1118.1-4629 11 18 11.1 -46 29 08  6.13966e-10  1.39784e-10  2.62340  0.12144    6.3794131 PKS1116-46   HB931116-462  11 18 26.93 -46 34 15.0 17.00  0.713  5.788 
 2FGLJ1130.3-1448 11 30 19.3 -14 48 10  1.79659e-09  1.73245e-10  2.69734  0.05135   24.8688641 PKS1127-14   HB931127-145  11 30 07.11 -14 49 27.6 16.74  1.187  3.222 
 2FGLJ1136.7+7009 11 36 42.7 +70 09 50  1.14628e-09  1.31408e-10  1.73970  0.08315   14.9751081 Mkn180       HB931133+704  11 36 26.46 +70 09 28.4 14.49  -1.  1.423 
 2FGLJ1146.8-3812 11 46 53.1 -38 12 24  1.59414e-09  1.83870e-10  2.31164  0.07198   14.1147776 PKS1144-379  HB931144-379  11 47 01.43 -38 12 10.9 16.20  1.048  1.647 
 2FGLJ1147.7-0724 11 47 45.7 -07 24 01  1.66350e-09  1.84763e-10  2.30301  0.07299   15.0650320 PKS1145-071  HB931145-071A 11 47 51.56 -07 24 40.5 17.50  1.342  1.608 
 2FGLJ1147.7-0724 11 47 45.7 -07 24 01  1.66350e-09  1.84763e-10  2.30301  0.07299   15.0650320 PKS1145-071  HB931145-071B 11 47 54.87 -07 24 44.0  1.345  2.397 
 2FGLJ1150.1+2419 11 50 08.5 +24 19 47  1.30398e-09  1.59264e-10  2.19159  0.08255   13.6648455 B21147+24    HB931147+245  11 50 19.22 +24 17 54.3 16.66  -1.  3.075 
 2FGLJ1153.2+4935 11 53 13.1 +49 35 57  7.66472e-10  1.20520e-10  2.52457  0.09412   11.7685671 OM484        HB931150+497  11 53 24.45 +49 31 08.5 17.50  0.334  5.143 
 2FGLJ1159.0-2226 11 59 01.4 -22 26 20  1.28060e-09  1.82108e-10  2.35188  0.10267    9.7227259 PKS1156-221  HB931156-221  11 59 11.28 -22 28 37.1 19.50  0.565  3.235 
 2FGLJ1159.5+2914 11 59 30.6 +29 14 48  6.04277e-09  2.84926e-10  2.29460  0.02703   52.3862839 Ton599       HB931156+295  11 59 31.85 +29 14 43.9 14.41  0.729  0.272 
 2FGLJ1159.3-2142 11 59 20.9 -21 42 04  1.63440e-09  1.94429e-10  2.33116  0.08923   12.3314991 PMNJ1159-2142 HB931157-215  11 59 51.10 -21 48 52.1 17.80  0.927  9.775 
 2FGLJ1204.2+1144 12 04 14.0 +11 44 26  7.51550e-10  1.34401e-10  2.06391  0.12613    7.4001665 1RXSJ120413.0+114549 HB931202+121  12 04 36.83 +11 49 52.2  2.020  7.795 
 2FGLJ1206.0-2638 12 06 04.6 -26 38 14  7.69507e-10  1.44856e-10  2.67338  0.10626    8.5869045 PKS1203-26   HB931202-262  12 05 33.17 -26 34 03.9 19.50  0.789  8.176 
 2FGLJ1217.8+3006 12 17 52.1 +30 06 33  5.49171e-09  2.99376e-10  2.01939  0.03574   33.6280022 1ES1215+303  HB931215+303  12 17 52.10 +30 07 00.6 15.73  -1.  0.454 
 2FGLJ1218.5-0122 12 18 32.9 -01 22 59  1.58788e-09  1.85186e-10  2.10392  0.08093   13.1222572 PKS1216-010  HB931216-010  12 18 34.99 -01 19 54.0 17.80  0.415  3.127 
 2FGLJ1219.7+0201 12 19 42.7 +02 01 01  3.85893e-10  1.10169e-10  2.66308  0.19136    4.5581756 PKS1217+02   HB931217+023  12 20 11.90 +02 03 42.3 15.93  0.240  7.769 
 2FGLJ1221.3+3010 12 21 23.5 +30 10 43  2.81216e-09  2.51503e-10  1.70857  0.06671   20.4361095 PG1218+304   HB931218+304  12 21 22.11 +30 10 37.2 16.45  -1.  0.320 
 2FGLJ1221.4+2814 12 21 29.8 +28 14 21  5.53947e-09  2.84837e-10  2.01857  0.03435   40.5611687 WComae       HB931219+285  12 21 31.71 +28 13 58.4 16.50  -1.  0.569 
 2FGLJ1222.4+0413 12 22 27.8 +04 13 21  1.30631e-09  1.53263e-10  2.76596  0.06587   18.3195839 4C+04.42     HB931219+044  12 22 21.70 +04 13 21.2 17.98  0.965  1.511 
 2FGLJ1224.9+2122 12 24 54.3 +21 22 48  3.54200e-08  6.43285e-10  2.12155  0.01544  182.4030457 4C+21.35     HB931222+216  12 24 54.50 +21 22 47.1 17.50  0.435  0.053 
 2FGLJ1229.1+0202 12 29 06.4 +02 02 30  1.51400e-08  4.47525e-10  2.45240  0.02185  140.6330719 3C273        HB931226+023  12 29 06.70 +02 03 08.6 13.02  0.158  0.648 
 2FGLJ1229.1+0202 12 29 06.4 +02 02 30  1.51400e-08  4.47525e-10  2.45240  0.02185  140.6330719 3C273        HB931227+024A 12 29 33.44 +02 07 25.6  0.500  8.362 
 2FGLJ1239.5+0728 12 39 32.3 +07 28 42  4.13773e-10  1.16780e-10  1.89440  0.18975    4.4336410 PKS1236+077  HB931236+077  12 39 24.59 +07 30 17.2 20.10  0.400  2.483 
 2FGLJ1246.7-2546 12 46 43.4 -25 46 58  8.74402e-09  3.68604e-10  2.10208  0.03971   56.6512871 PKS1244-255  HB931244-255  12 46 46.75 -25 47 48.0 17.41  0.638  1.118 
 2FGLJ1249.5-2811 12 49 30.9 -28 11 00  5.26811e-10  1.30733e-10  1.96002  0.17948    5.3919969 QSO          HB931247-279  12 50 05.49 -28 11 55.6 17.50  0.184  7.685 
 2FGLJ1256.1-0547 12 56 10.2 -05 47 37  2.55599e-08  5.68886e-10  2.22124  0.01881  147.8481598 3C279        HB931253-055  12 56 11.23 -05 47 21.9 16.84  0.538  0.367 
 2FGLJ1256.1-0547 12 56 10.2 -05 47 37  2.55599e-08  5.68886e-10  2.22124  0.01881  147.8481598 3C279        HB931253-056  12 56 13.58 -05 56 02.8 19.97  0.420  8.468 
 2FGLJ1257.0+3650 12 57 00.5 +36 50 22  8.06038e-10  1.28709e-10  2.01119  0.11254    9.1813097 1RXSJ125716.0+364713 HB931254+370  12 57 16.60 +36 47 15.5 17.84  0.280  4.478 
 2FGLJ1257.0+3650 12 57 00.5 +36 50 22  8.06038e-10  1.28709e-10  2.01119  0.11254    9.1813097 1RXSJ125716.0+364713 HB931255+370  12 57 23.49 +36 44 28.9 17.80  0.284  7.470 
 2FGLJ1258.8-2223 12 58 52.4 -22 23 02  2.02299e-09  2.15333e-10  2.29641  0.06798   14.6343145 PKS1256-220  HB931256-220  12 58 54.51 -22 19 32.7 20.00  1.306  3.529 
 2FGLJ1309.3+1154 13 09 21.1 +11 54 39  4.57366e-10  1.18804e-10  1.90860  0.18573    4.4440885 4C+12.46     HB931307+121  13 09 33.96 +11 54 25.1 18.50  -1.  3.153 
 2FGLJ1310.6+3222 13 10 41.7 +32 22 52  5.30463e-09  2.73308e-10  2.10485  0.04828   46.0401268 OP313        HB931308+326  13 10 28.70 +32 20 43.4 19.00  0.996  3.472 
 2FGLJ1310.9+0036 13 10 57.6 +00 36 27  3.61416e-10  1.62435e-10  1.51590  0.33136    4.6441240 RXJ1311.1+0035 HB931308+007  13 11 08.41 +00 31 52.2 18.60  0.428  5.305 
 2FGLJ1312.4-2157 13 12 29.6 -21 57 16  2.17056e-09  2.17449e-10  2.02408  0.06715   15.6005287 PKS1309-216  HB931309-216  13 12 31.54 -21 56 23.8 18.90  -1.  0.976 
 2FGLJ1315.9-3339 13 15 58.0 -33 39 48  2.56795e-09  2.34755e-10  2.30522  0.06185   17.7480965 PKS1313-333  HB931313-333  13 16 08.04 -33 38 59.9 20.00  1.210  2.227 
 2FGLJ1317.9+3426 13 17 59.2 +34 26 07  3.32648e-10  9.34250e-11  2.37908  0.17733    4.2042627 S41315+34    HB931315+346  13 17 36.51 +34 25 16.4 19.00  1.050  4.763 
 2FGLJ1329.3-0528 13 29 21.8 -05 28 34  7.01542e-10  1.65491e-10  2.44000  0.20014    4.7587156 1RXSJ132928.0-053132 HB931326-052  13 29 28.64 -05 31 35.8 15.59  0.580  3.484 
 2FGLJ1332.0-0508 13 32 03.5 -05 08 10  5.01306e-09  2.94588e-10  2.53713  0.03913   35.8324966 PKS1329-049  HB931329-049  13 32 05.54 -05 09 36.4 18.50  2.150  1.530 
 2FGLJ1337.7-1257 13 37 42.4 -12 57 17  1.77065e-09  1.96091e-10  2.43995  0.06918   14.4443092 PKS1335-127  HB931334-127  13 37 39.82 -12 57 24.9 17.20  0.541  0.647 
 2FGLJ1351.1+0032 13 51 08.1 +00 32 36  8.00431e-10  1.39156e-10  2.28973  0.10963    8.2322607 PKS1348+007  HB931348+007  13 51 04.45 +00 31 19.2 21.92  2.084  1.572 
 2FGLJ1354.7-1047 13 54 46.8 -10 47 27  1.25983e-09  1.68378e-10  2.56528  0.07743   14.6263161 PKS1352-104  HB931352-104  13 54 47.49 -10 41 07.8 18.40  0.332  6.329 
 2FGLJ1405.1+0405 14 05 11.1 +04 05 02  5.06394e-10  1.29186e-10  1.89658  0.17131    4.5350041 PKS1402+044  HB931402+042  14 04 50.99 +04 02 01.6 17.50  -1.  5.854 
 2FGLJ1408.8-0751 14 08 50.0 -07 51 57  1.73806e-09  1.87354e-10  2.42896  0.06406   17.5403347 PKSB1406-076 HB931406-076  14 08 56.53 -07 52 26.6 18.40  1.494  1.681 
 2FGLJ1416.0+1323 14 16 01.5 +13 23 13  4.30271e-10  1.10385e-10  2.59681  0.15483    5.8383322 PKSB1413+135 HB931413+135  14 15 58.81 +13 20 24.4 20.00  -1.  2.888 
 2FGLJ1418.1+2539 14 18 08.1 +25 39 16  4.48547e-10  1.13329e-10  1.97977  0.18644    4.6063557 BZBJ1417+2543 HB931415+259  14 17 56.89 +25 43 26.2 16.00  -1.  4.874 
 2FGLJ1419.4+3820 14 19 25.6 +38 20 39  4.54082e-10  1.02569e-10  2.64986  0.13566    7.7918210 B31417+385   HB931417+385  14 19 46.56 +38 21 48.3 19.30  1.832  4.259 
 2FGLJ1420.2+5422 14 20 16.1 +54 22 32  7.66019e-10  1.19686e-10  2.36629  0.11355   10.8860369 OQ530        HB931418+546  14 19 46.59 +54 23 13.9 15.91  -1.  4.346 
 2FGLJ1428.0-4206 14 28 02.9 -42 06 13  1.46836e-08  4.84641e-10  1.96216  0.03258   68.2779922 PKSB1424-418 HB931424-418  14 27 56.35 -42 06 19.2 17.70  1.522  1.217 
 2FGLJ1428.6+4240 14 28 37.0 +42 40 22  7.54265e-10  1.26799e-10  1.31584  0.12308   13.1238966 H1426+428    HB931426+428  14 28 32.57 +42 40 24.8 16.45  -1.  0.820 
 2FGLJ1504.3+1029 15 04 22.8 +10 29 18  4.01336e-08  7.31687e-10  2.14714  0.01740  116.0893555 PKS1502+106  HB931502+106  15 04 24.98 +10 29 38.8 18.56  1.839  0.634 
 2FGLJ1505.1+0324 15 05 10.0 +03 24 25  1.37308e-09  1.72694e-10  2.50976  0.07468   14.4919958 PKS1502+036  HB931502+036  15 05 06.50 +03 26 30.7 18.14  0.411  2.267 
 2FGLJ1510.9-0545 15 10 54.2 -05 45 32  2.23097e-09  2.43842e-10  2.44424  0.06496   12.5630636 PKS1508-05   HB931508-055  15 10 53.55 -05 43 07.2 17.21  1.185  2.423 
 2FGLJ1512.8-0906 15 12 49.7 -09 06 12  4.06389e-08  7.18158e-10  2.28839  0.01428  202.4136353 PKS1510-08   HB931510-089A 15 12 42.18 -09 09 00.6 20.40  2.100  3.366 
 2FGLJ1512.8-0906 15 12 49.7 -09 06 12  4.06389e-08  7.18158e-10  2.28839  0.01428  202.4136353 PKS1510-08   HB931510-089B 15 12 50.54 -09 05 59.4 16.74  0.361  0.297 
 2FGLJ1516.9+1925 15 16 59.5 +19 25 30  4.69468e-10  1.17767e-10  2.46198  0.15731    4.9347820 PKS1514+197  HB931514+197  15 16 56.80 +19 32 12.9 18.50  -1.  6.742 
 2FGLJ1517.7-2421 15 17 44.4 -24 21 36  5.16018e-09  3.08839e-10  2.05457  0.04068   29.1609287 APLibrae     HB931514-241  15 17 41.85 -24 22 19.1 15.00  -1.  0.922 
 2FGLJ1549.5+0237 15 49 33.2 +02 37 39  1.82349e-09  1.99609e-10  2.45514  0.06505   16.6181164 PKS1546+027  HB931546+027  15 49 29.46 +02 37 01.5 16.83  0.413  1.117 
 2FGLJ1550.7+0526 15 50 44.9 +05 26 04  1.02395e-09  1.69349e-10  2.32035  0.10705    9.0098038 4C+05.64     HB931548+056  15 50 35.27 +05 27 10.5 17.70  1.422  2.651 
 2FGLJ1553.5+1255 15 53 33.0 +12 55 45  4.87303e-09  2.94372e-10  2.02676  0.06250   32.9972763 PKS1551+130  HB931551+130  15 53 32.75 +12 56 52.5 17.65  1.290  1.125 
 2FGLJ1555.7+1111 15 55 46.0 +11 11 25  1.40441e-08  4.57113e-10  1.66533  0.02222   69.1766052 PG1553+113   HB931553+113  15 55 43.23 +11 11 21.5 15.04  0.360  0.687 
 2FGLJ1607.0+1552 16 07 04.8 +15 52 33  2.17664e-09  1.98661e-10  2.22849  0.05914   19.4594212 4C+15.54     HB931604+159  16 07 06.63 +15 51 39.8 18.70  -1.  0.982 
 2FGLJ1607.0+1552 16 07 04.8 +15 52 33  2.17664e-09  1.98661e-10  2.22849  0.05914   19.4594212 4C+15.54     HB931604+158  16 07 10.77 +15 44 09.4 19.07  0.357  8.509 
 2FGLJ1618.2-7718 16 18 14.8 -77 18 02  2.09720e-09  2.04927e-10  2.50403  0.05423   16.3579292 PKS1610-77   HB931610-771  16 17 49.31 -77 17 18.4 19.00  1.710  1.581 
 2FGLJ1613.4+3409 16 13 29.2 +34 09 34  4.93640e-10  1.09502e-10  2.30701  0.17143    6.0278039 OS319        HB931611+343  16 13 41.08 +34 12 48.3 17.76  1.401  4.071 
 2FGLJ1630.3+3732 16 30 23.0 +37 32 56  1.22900e-09  1.97085e-10  2.02918  0.29956   10.4134207 QSO          HB931628+377  16 30 31.65 +37 37 40.2 19.90  1.246  5.037 
 2FGLJ1630.3+3732 16 30 23.0 +37 32 56  1.22900e-09  1.97085e-10  2.02918  0.29956   10.4134207 QSO          HB931629+377A 16 30 52.85 +37 36 51.7 18.80  1.603  7.095 
 2FGLJ1635.2+3810 16 35 14.2 +38 10 16  1.16410e-08  3.84115e-10  2.24794  0.02759   75.7912827 4C+38.41     HB931633+382  16 35 15.50 +38 08 06.4 18.10  1.810  2.183 
 2FGLJ1637.7+4714 16 37 44.1 +47 14 39  1.81846e-09  1.73165e-10  2.41121  0.05826   21.7713528 4C+47.44     HB931636+473  16 37 45.19 +47 17 34.3  0.740  2.923 
 2FGLJ1640.7+3945 16 40 42.9 +39 45 24  3.82967e-09  2.98482e-10  2.36369  0.06272   18.0529652 NRAO512      HB931638+398  16 40 29.76 +39 46 46.3 18.50  1.666  2.866 
 2FGLJ1642.9+3949 16 42 59.6 +39 49 44  3.39418e-09  2.85140e-10  2.48853  0.05606   16.5408649 3C345        HB931640+398  16 42 28.50 +39 43 43.1 18.60  1.860  8.481 
 2FGLJ1642.9+3949 16 42 59.6 +39 49 44  3.39418e-09  2.85140e-10  2.48853  0.05606   16.5408649 3C345        HB931641+399A 16 42 58.83 +39 48 36.9 15.96  0.595  1.129 
 2FGLJ1642.9+3949 16 42 59.6 +39 49 44  3.39418e-09  2.85140e-10  2.48853  0.05606   16.5408649 3C345        HB931641+399B 16 43 11.12 +39 51 11.1 20.90  2.000  2.643 
 2FGLJ1642.9+3949 16 42 59.6 +39 49 44  3.39418e-09  2.85140e-10  2.48853  0.05606   16.5408649 3C345        HB931641+398  16 43 19.34 +39 43 38.6 21.20  2.000  7.174 
 2FGLJ1642.9+3949 16 42 59.6 +39 49 44  3.39418e-09  2.85140e-10  2.48853  0.05606   16.5408649 3C345        HB931641+399C 16 43 27.03 +39 53 20.2 18.10  0.704  6.377 
 2FGLJ1642.9+3949 16 42 59.6 +39 49 44  3.39418e-09  2.85140e-10  2.48853  0.05606   16.5408649 3C345        HB931641+399D 16 43 27.19 +39 51 25.2 18.40  1.083  5.556 
 2FGLJ1642.9+3949 16 42 59.6 +39 49 44  3.39418e-09  2.85140e-10  2.48853  0.05606   16.5408649 3C345        HB931641+399E 16 43 34.41 +39 53 33.7 19.30  0.594  7.697 
 2FGLJ1653.9+3945 16 53 55.5 +39 45 47  8.76515e-09  3.47674e-10  1.73766  0.02669   54.8367004 Mkn501       HB931652+398  16 53 52.22 +39 45 37.5 14.44  -1.  0.658 
 2FGLJ1714.8+6836 17 14 52.6 +68 36 57  1.24466e-09  1.62823e-10  1.94810  0.21194   11.9783974 S41716+68    HB931716+686  17 16 14.03 +68 36 38.4 18.50  0.777  7.434 
 2FGLJ1719.3+1744 17 19 19.2 +17 44 33  2.22590e-09  2.09761e-10  1.84168  0.06446   17.6008530 PKS1717+177  HB931717+178  17 19 13.09 +17 45 06.9 18.50  -1.  1.561 
 2FGLJ1725.0+1151 17 25 04.4 +11 51 54  3.69677e-09  2.82125e-10  1.92810  0.06166   21.8671551 1H1720+117   HB931722+119  17 25 04.35 +11 52 15.3 16.60  -1.  0.355 
 2FGLJ1728.2+0429 17 28 16.6 +04 29 20  1.26723e-09  1.85203e-10  2.53453  0.08181   10.6231565 PKS1725+044  HB931725+044  17 28 24.99 +04 27 04.9 16.99  0.296  3.083 
 2FGLJ1728.2+5015 17 28 14.6 +50 15 40  8.05120e-10  1.34895e-10  1.83295  0.12613    9.0390120 IZw187       HB931727+502A 17 28 18.63 +50 13 10.7 16.70  -1.  2.562 
 2FGLJ1728.2+5015 17 28 14.6 +50 15 40  8.05120e-10  1.34895e-10  1.83295  0.12613    9.0390120 IZw187       HB931727+502B 17 28 26.82 +50 12 46.9 19.10  2.100  3.475 
 2FGLJ1728.2+5015 17 28 14.6 +50 15 40  8.05120e-10  1.34895e-10  1.83295  0.12613    9.0390120 IZw187       HB931727+503  17 28 42.13 +50 18 44.0 19.20  2.200  5.359 
 2FGLJ1733.1-1307 17 33 07.1 -13 07 40  3.12618e-09  3.22961e-10  2.23900  0.08815   18.4028244 PKS1730-13   HB931730-130  17 33 02.60 -13 04 49.9 18.50  0.902  3.030 
 2FGLJ1734.3+3858 17 34 18.4 +38 58 53  3.55140e-09  2.33157e-10  2.24475  0.04115   30.4576015 B21732+38A   HB931732+389  17 34 20.59 +38 57 51.5 19.00  0.976  1.107 
 2FGLJ1736.6+0626 17 36 39.4 +06 26 07  7.25507e-10  1.63332e-10  2.65782  0.12405    6.8194518 MG1J173624+0632  HB931734+063  17 37 13.72 +06 21 03.5 17.90  1.207  9.920 
 2FGLJ1739.5+4955 17 39 32.6 +49 55 43  1.21373e-09  1.50345e-10  2.20275  0.08512   12.6043615 S41738+49    HB931738+499  17 39 27.42 +49 55 03.7 19.00  1.545  1.051 
 2FGLJ1740.3+4738 17 40 21.4 +47 38 43  5.69853e-10  1.19182e-10  2.09490  0.14903    6.0645986 S41738+47    HB931738+476  17 39 57.41 +47 37 57.5 18.50  -1.  4.112 
 2FGLJ1740.2+5212 17 40 14.5 +52 12 04  2.52993e-09  1.86541e-10  2.50226  0.04212   30.7752724 4C+51.37     HB931739+522  17 40 36.82 +52 11 43.4 18.50  1.375  3.443 
 2FGLJ1748.8+7006 17 48 52.1 +70 06 39  2.13507e-09  1.71685e-10  2.03990  0.05746   20.8119831 S41749+70    HB931749+701  17 48 32.90 +70 05 50.2 17.39  0.770  1.824 
 2FGLJ1751.5+0938 17 51 30.3 +09 38 24  4.55738e-09  3.10178e-10  2.10096  0.06486   25.3567047 OT081        HB931749+096  17 51 32.83 +09 39 00.9 17.88  0.322  0.877 
 2FGLJ1801.7+4405 18 01 44.1 +44 05 08  4.39898e-10  1.09237e-10  2.66203  0.14322    6.4960952 S41800+44    HB931800+440  18 01 32.58 +44 04 17.4 17.50  0.663  2.239 
 2FGLJ1800.5+7829 18 00 35.3 +78 29 00  4.44504e-09  2.26116e-10  2.23057  0.03046   42.5332298 S51803+784   HB931803+784  18 00 45.70 +78 28 03.9 17.00  0.680  1.071 
 2FGLJ1806.7+6948 18 06 42.9 +69 48 02  3.82574e-09  2.18299e-10  2.18935  0.03723   32.9046783 3C371        HB931807+698  18 06 50.62 +69 49 30.0 14.22  -1.  1.615 
 2FGLJ1824.0+5650 18 24 00.2 +56 50 18  2.62795e-09  1.94558e-10  2.43356  0.04370   27.7203426 4C+56.27     HB931823+568  18 24 07.16 +56 51 00.0 18.40  0.664  1.174 
 2FGLJ1829.7+4846 18 29 47.7 +48 46 13  1.37129e-09  1.61046e-10  2.34451  0.07074   14.0849028 3C380        HB931828+487  18 29 31.84 +48 44 46.4 16.81  0.692  2.980 
 2FGLJ1924.8-2912 19 24 52.1 -29 12 59  3.02548e-09  2.53640e-10  2.43199  0.04792   22.9940815 PKSB1921-293 HB931921-293  19 24 51.08 -29 14 30.8 16.82  0.352  1.550 
 2FGLJ1958.2-3848 19 58 12.9 -38 48 21  3.05083e-09  2.39586e-10  2.36316  0.04576   24.5097046 PKS1954-388  HB931954-388  19 57 59.78 -38 45 05.5 17.07  0.626  4.135 
 2FGLJ2000.8-1751 20 00 52.0 -17 51 24  2.46902e-09  2.36391e-10  2.37969  0.05977   16.9517250 PKS1958-179  HB931958-179  20 00 57.12 -17 48 57.6 17.46  0.650  2.722 
 2FGLJ2009.5-4850 20 09 30.0 -48 50 02  3.82545e-09  2.63527e-10  1.77941  0.04666   25.8875771 PKS2005-489  HB932005-489  20 09 25.39 -48 49 53.5 15.30  -1.  0.772 
 2FGLJ2004.5+7754 20 04 30.9 +77 54 59  1.08261e-09  1.46141e-10  2.21691  0.09083   10.0484772 S5 2007+77   HB932007+777  20 05 31.02 +77 52 43.1 16.50  0.342  3.876 
 2FGLJ2035.4+1058 20 35 24.2 +10 58 18  1.54317e-09  1.84818e-10  2.55215  0.06912   14.3721437 PKS2032+107  HB932032+107  20 35 22.38 +10 56 06.4 18.60  0.601  2.239 
 2FGLJ2056.2-4715 20 56 16.2 -47 15 18  8.63038e-09  3.53787e-10  2.22954  0.03581   65.8808136 PKS2052-47   HB932052-474  20 56 16.40 -47 14 47.9 19.10  1.489  0.498 
 2FGLJ2133.8-0154 21 33 51.9 -01 54 22  9.50859e-10  1.50899e-10  2.31688  0.09561    9.4082212 PKS2131-021  HB932131-021  21 34 10.35 -01 53 16.1 18.73  0.557  4.749 
 2FGLJ2143.5+1743 21 43 31.0 +17 43 11  4.46048e-09  2.57045e-10  2.57960  0.03085   43.9700317 OX169        HB932141+175  21 43 35.56 +17 43 49.1 15.50  0.213  1.253 
 2FGLJ2147.4-7534 21 47 28.6 -75 34 45  3.59369e-09  2.39692e-10  2.51656  0.03743   35.0837975 PKS2142-75   HB932142-758  21 47 12.64 -75 36 11.3 17.30  1.139  1.744 
 2FGLJ2146.5-1530 21 46 30.5 -15 30 36  4.30508e-10  1.20637e-10  2.60681  0.16084    4.8858376 PKS2143-156  HB932143-156A 21 46 22.92 -15 25 43.4 17.27  0.701  5.206 
 2FGLJ2146.5-1530 21 46 30.5 -15 30 36  4.30508e-10  1.20637e-10  2.60681  0.16084    4.8858376 PKS2143-156  HB932143-156B 21 46 28.52 -15 27 11.5 18.50  2.055  3.441 
 2FGLJ2146.5-1530 21 46 30.5 -15 30 36  4.30508e-10  1.20637e-10  2.60681  0.16084    4.8858376 PKS2143-156  HB932143-158  21 46 43.45 -15 39 33.9 21.20  2.300  9.493 
 2FGLJ2147.3+0930 21 47 20.5 +09 30 53  3.49809e-09  2.32603e-10  2.51400  0.03768   35.8818550 PKS2144+092  HB932144+092  21 47 10.16 +09 29 46.5 18.90  1.113  2.778 
 2FGLJ2148.2+0659 21 48 15.3 +06 59 40  3.94201e-10  1.10884e-10  2.76864  0.15594    5.6975203 4C+06.69     HB932145+067  21 48 05.49 +06 57 38.8 16.27  0.999  3.164 
 2FGLJ2151.5-3021 21 51 34.1 -30 21 36  6.41625e-10  1.17356e-10  2.99858  0.08944   12.3954601 PKS2149-306  HB932149-307  21 51 55.53 -30 27 53.6 18.40  2.345  7.819 
 2FGLJ2157.9-1501 21 57 56.0 -15 01 24  1.12614e-09  1.65956e-10  2.18853  0.10215   10.2064533 PKS2155-152  HB932155-152  21 58 06.14 -15 01 00.3 17.50  0.672  2.477 
 2FGLJ2158.8-3013 21 58 51.5 -30 13 09  2.35283e-08  5.69605e-10  1.83777  0.01539  103.9914932 PKS2155-304  HB932155-304  21 58 51.95 -30 13 31.2 13.58  -1.  0.387 
 2FGLJ2202.8+4216 22 02 49.7 +42 16 03  1.04551e-08  3.91974e-10  2.10691  0.03569   59.3471069 BLLacertae   HB932200+420  22 02 43.30 +42 16 39.8 15.14  -1.  1.337 
 2FGLJ2203.4+1726 22 03 28.5 +17 26 11  6.52672e-09  3.14683e-10  2.09203  0.04622   46.5285530 PKS2201+171  HB932201+171  22 03 26.45 +17 25 51.6 18.80  1.075  0.582 
 2FGLJ2208.1-5345 22 08 07.1 -53 45 01  1.15135e-09  1.52590e-10  2.41878  0.08601   13.8222647 PKS2204-54   HB932204-540  22 07 43.62 -53 46 33.3 18.00  1.206  3.800 
 2FGLJ2213.1-2527 22 13 06.3 -25 27 29  7.47024e-10  1.33489e-10  2.44963  0.11410    9.1478815 PKS2210-25   HB932210-257  22 13 02.47 -25 29 29.8 19.00  1.833  2.194 
 2FGLJ2225.6-0454 22 25 41.8 -04 54 04  2.22855e-09  2.05628e-10  2.43573  0.05309   21.6809998 3C446        HB932223-052A 22 25 47.30 -04 57 01.1 17.19  1.404  3.257 
 2FGLJ2229.7-0832 22 29 45.9 -08 32 45  4.26514e-09  2.63181e-10  2.40618  0.05081   48.7979660 PKS2227-08   HB932227-088  22 29 40.13 -08 32 54.3 17.50  1.561  1.431 
 2FGLJ2232.4+1143 22 32 29.1 +11 43 28  2.88302e-09  2.22821e-10  2.32653  0.06691   32.2616348 CTA102       HB932230+114  22 32 36.45 +11 43 50.8 17.66  1.037  1.830 
 2FGLJ2234.9-4831 22 34 55.6 -48 31 06  5.90748e-10  1.22549e-10  2.54654  0.12843    8.3477917 PKS2232-488  HB932232-488  22 35 13.25 -48 35 59.3 17.20  0.510  5.687 
 2FGLJ2236.4+2828 22 36 24.6 +28 28 32  5.07789e-09  2.80980e-10  2.05423  0.05544   38.7141266 B22234+28A   HB932234+282  22 36 22.45 +28 28 55.1 19.00  0.795  0.608 
 2FGLJ2237.2-3920 22 37 15.4 -39 20 32  4.80728e-10  1.09614e-10  2.07325  0.17269    5.6608644 PKS2234-396  HB932234-395  22 37 12.60 -39 17 50.3 20.00  1.820  2.754 
 2FGLJ2243.2-2540 22 43 15.4 -25 40 59  1.62489e-09  1.75723e-10  2.30041  0.06710   16.8880825 PKS2240-260  HB932240-260  22 43 26.41 -25 44 29.8 17.50  0.774  4.302 
 2FGLJ2247.2-0002 22 47 14.7 -00 02 56  8.15733e-10  1.45724e-10  2.12968  0.11634    7.4505286 PKS2244-002  HB932244-003  22 47 10.31 -00 05 07.3 17.90  1.051  2.440 
 2FGLJ2250.2-4205 22 50 16.4 -42 05 36  5.66616e-10  1.20377e-10  1.72903  0.14978    6.6737027 PMNJ2250-4206 HB932247-423  22 50 22.21 -42 06 10.4 18.70  1.040  1.222 
 2FGLJ2253.9+1609 22 53 59.4 +16 09 09  9.65014e-08  1.03974e-09  2.22639  0.00806  339.4351196 3C454.3      HB932251+158  22 53 57.78 +16 08 53.7 16.10  0.859  0.464 
 2FGLJ2258.0-2759 22 58 01.5 -27 59 42  2.86900e-09  2.23533e-10  2.25702  0.06780   29.1850548 PKS2255-282  HB932255-282  22 58 05.98 -27 58 21.7 16.77  0.926  1.670 
 2FGLJ2311.0+3425 23 11 05.1 +34 25 47  4.30730e-09  2.60187e-10  2.16433  0.05740   36.0737801 B22308+34    HB932308+341  23 11 04.90 +34 25 00.0 19.50  1.817  0.788 
 2FGLJ2323.6-0316 23 23 37.8 -03 16 54  2.12973e-09  1.97371e-10  2.38679  0.05433   21.3919125 PKS2320-035  HB932320-035A 23 23 26.47 -03 17 11.1 20.60  2.041  2.845 
 2FGLJ2323.6-0316 23 23 37.8 -03 16 54  2.12973e-09  1.97371e-10  2.38679  0.05433   21.3919125 PKS2320-035  HB932320-035B 23 23 31.98 -03 17 04.3 18.60  1.411  1.465 
 2FGLJ2329.2-4956 23 29 16.1 -49 56 20  5.69895e-09  2.86802e-10  2.24552  0.04533   46.8005867 PKS2326-502  HB932326-502  23 29 20.91 -49 55 41.0 19.00  0.518  1.016 
 2FGLJ2338.1-0229 23 38 08.5 -02 29 10  1.73137e-09  1.81055e-10  2.44211  0.06200   18.8790283 PKS2335-027  HB932335-027  23 37 57.36 -02 30 57.7 19.27  1.072  3.315 
 2FGLJ2347.9-1629 23 47 56.1 -16 29 13  1.56300e-09  1.84686e-10  2.35631  0.07694   13.2405977 PKS2345-16   HB932345-167  23 48 02.59 -16 31 12.4 17.50  0.576  2.515