GRB140323433       0.  30.3002  68.4066              2800.00 
GRB160325291       0.   7.2372  55.5250              3000.00 
GRB120711115  1.40500 134.5165  84.9684              2500.00 
GRB171212434       0.  11.4614  61.4512               610.00 
GRB120107384       0.  46.7623  96.6798              1900.00 
GRB130327350       0.  46.2562  86.2414              9200.00 
GRB150902733       0.  37.2673  87.0941             11000.00 
GRB180703876       0.  44.0473  93.9954               930.00 
GRB141221897       0.  38.7153  84.3344              5500.00 
GRB090926181  2.10600  48.0314  80.4453             19000.00 
GRB180113418       0.  62.6429 108.8888              -670.00 
GRB170127067       0. 142.2202  92.2346               510.00 
GRB150403913  2.06000  55.3440 105.1180              5400.00 
GRB081006604       0.  10.7724  40.2945               800.00 
GRB150514774  0.80700  39.2329  59.1018              6200.00 
GRB100225115       0.  56.9620  83.6871              3000.00 
GRB140528837       0.  46.2232  66.3106              4600.00 
GRB160422499       0.  53.5374 102.3662             12000.00 
GRB091031500       0.  24.5735  39.4233              1400.00 
GRB141222298       0.  45.8852  93.4996              3600.00 
GRB150702998       0. 117.4940  88.1307               800.00 
GRB160829334       0.  14.5331  56.8636              9400.00 
GRB080916009  4.35000  49.0003  83.8106             27000.00 
GRB120316008       0.   9.8853  48.7332              2100.00 
GRB140928437       0. 110.0454 111.3008             52000.00 
GRB141012773       0.  47.2230  94.6922              1100.00 
GRB150627183       0.  74.7185  97.8610              8100.00 
GRB090720710       0.  56.3287  94.2056               430.00 
GRB160905471       0.  17.0507  57.5271              7900.00 
GRB100620119       0.  25.2451  73.3437               250.00 
GRB120709883       0.  27.7871  40.4568              2600.00 
GRB101014175       0.  55.0297 102.5554             14000.00 
GRB150820880       0.  22.9819  66.5613              -670.00 
GRB170906030       0.  89.1100  89.0556              3600.00 
GRB141102536       0.  52.3349  53.4650               640.00 
GRB170115743       0.  36.0103  42.4867              2300.00 
GRB150523396       0.  24.7902  54.7430              7000.00 
GRB170424425       0.  57.3780  76.6155              1100.00 
GRB090227310       0.  21.6036  45.3589              2300.00 
GRB090328401  0.73600  65.7025  72.4123              5500.00 
GRB170510217       0.  66.3912  23.4709              1000.00 
GRB110721200       0.  40.2270  82.8881              6700.00 
GRB120919052       0.  22.9300  65.9063             13000.00 
GRB120911268       0.  66.1291  22.2163              1400.00 
GRB140110263       0.  36.1006  64.6367              2000.00 
GRB090531775       0.  21.9282  49.1757               630.00 
GRB150118409       0.  65.2622  91.7388              1800.00 
GRB131216081       0.  44.5659  77.2043              -670.00 
GRB120526303       0. 109.6846  62.9318             14000.00 
GRB121225417       0.  64.2509  90.7313              -670.00 
GRB110518860       0. 165.9076 124.1270              2900.00 
GRB131209547       0.  19.7944  53.5509               290.00 
GRB090626189       0.  22.5990  10.4193              2100.00 
GRB170825307       0.  50.4679  79.4937               300.00 
GRB180718763       0.  46.4544  43.0937               490.00 
GRB180703949       0.  32.2084  44.3668              1100.00 
GRB090228204       0.  23.8033  56.6437               700.00 
GRB120830297       0.  38.7316  75.3340               780.00 
GRB110731465  2.83000   2.8752  50.7296              3500.00 
GRB160709826       0.  47.5949  82.2450               990.00 
GRB100325275       0.   7.8462  52.8511               820.00 
GRB090510016  0.90300  13.4907  52.2710             30000.00 
GRB110921912       0.  33.9401  21.1935              2000.00 
GRB121029350       0.  61.1979  42.0463              4300.00 
GRB100826957       0.  72.9508  85.0793              1700.00 
GRB170405777  3.51000  52.0270  60.5366               890.00 
GRB121123442       0.  78.8018  76.4233              2500.00 
GRB150513856       0.  51.7696  16.5438               550.00 
GRB130606497       0.  90.5414  10.9012              4600.00 
GRB091120191       0.  48.0699  25.7285              7000.00 
GRB131014215       0.  72.5010  76.0067              1800.00 
GRB130325203       0.  47.2896  76.1103              5300.00 
GRB091127976  0.49000  25.8136  54.5483              2200.00 
GRB130310840       0.  75.6174  49.7983              1400.00 
GRB101227406       0.  13.6638  37.2624              1500.00 
GRB100728095  1.56700  60.5408  36.9292              3100.00 
GRB090427977       0. 133.9938 135.3593             14000.00 
GRB140825288       0. 113.3682 111.9633              1600.00 
GRB110120666       0.  14.6458  31.4977              2000.00 
GRB130821674       0.  34.8511  49.1887              6300.00 
GRB171010792  0.33000 114.6885  94.0831             19000.00 
GRB140619475       0.  38.8513  25.8183             23000.00 
GRB140104731       0.  17.6021  36.4636              3100.00 
GRB140206275       0.  46.2470  85.9825             11000.00 
GRB090217206       0.  33.6888  46.2258               820.00 
GRB170409112       0.  85.8729  66.6108              9900.00 
GRB160310016       0.  62.7916  29.9381              1400.00 
GRB170228794       0.  65.1176  31.9533               340.00 
GRB170813051       0.  41.1116  22.5906               960.00 
GRB080825593       0.  60.2230  26.2922               680.00 
GRB140723067       0.  54.4040  38.6236              1000.00 
GRB180720598  0.65400  49.1315   7.0015              4900.00 
GRB170214649  2.53000  33.1849  21.9115              7800.00 
GRB131231198  0.64200  37.2353  39.9097             48000.00 
GRB160503567       0.  25.1056  33.9034               520.00 
GRB100511035       0.  47.9719  26.2316             46000.00 
GRB141028455  2.33200  36.4301  48.0918              3900.00 
GRB140102887       0.  47.1566  44.6674              2300.00 
GRB170808936       0.  64.8486  17.4545              1800.00 
GRB101123952       0.  77.4140  97.7702               260.00 
GRB180526461       0.  82.1820 109.6541              2200.00 
GRB130504978       0.  47.6034  52.3386              5700.00 
GRB141207800       0.  61.1366  36.7668              5500.00 
GRB110728056       0.  41.6803  16.8110              1400.00 
GRB150510139       0.  56.1898  11.4394              2000.00 
GRB140402007       0.  13.6688  45.9661              3700.00 
GRB110625881       0.  87.9482  51.4461              1700.00 
GRB160625945  1.40600  41.2290  40.0952             15000.00 
GRB140219824       0.  96.2478 113.4333              1700.00 
GRB100414097  1.36800  69.5812  29.0499             30000.00 
GRB120624933  2.20000  68.2416  26.6314              1900.00 
GRB160702516       0.  71.9760  59.1714              4800.00 
GRB131108862  2.40000  20.4097  21.8601              1500.00 
GRB170329387       0.  46.2101  11.9686               780.00 
GRB171011810       0.  43.2113  52.7372               160.00 
GRB100423244       0.  47.8749  32.8447              3900.00 
GRB150210935       0.  53.7113  10.0348              2500.00 
GRB100116897       0.  25.8527  36.3263             33000.00 
GRB080818945       0.  56.4285  75.0427              1700.00 
GRB100213531       0. 146.4429 147.2134             34000.00 
GRB120420858       0. 109.7107  76.7650              1900.00 
GRB140729026       0.  26.4644  40.8605              1500.00 
GRB130702004  0.14500  76.7118  78.8894              1700.00 
GRB090323002  3.57000  56.4980  66.1598              7400.00 
GRB180210517       0.  34.1544  19.9519              7400.00 
GRB081009140       0.  69.6361  55.3543              1600.00 
GRB081024891       0.  19.1504  30.6101              1700.00 
GRB160917456       0.  52.3193  29.9252              -670.00 
GRB171120556       0.  25.0234  12.9609              3400.00 
GRB120328268       0.  68.4589 106.5998              -670.00 
GRB101107011       0.  36.6095  28.3643              4800.00 
GRB171210493       0.  51.0937   3.5167             12000.00 
GRB140523129       0.  55.4294  26.4490              7300.00 
GRB170522657       0.  49.4184  74.5469              3700.00 
GRB090902462  1.82200  50.2749  37.5941             40000.00 
GRB140810782       0. 123.4854  89.2914             15000.00 
GRB130427324  0.34000  46.4233  62.8200             94000.00 
GRB130828306       0.  39.8927  45.5196              1200.00 
GRB110123804       0.  55.3666  91.9483              2100.00 
GRB161015710       0.  46.0694  32.9211              1000.00 
GRB081102365       0.  48.1563  47.6361               550.00 
GRB180305393       0.  74.9439  89.7318              8900.00 
GRB090227772       0.  72.6520  86.5546              -670.00 
GRB090102122  1.54700  85.4724  78.6658               580.00 
GRB171124235       0.  19.2201  44.4515              3600.00 
GRB091003191  0.89700  12.1659  62.1292              5900.00 
GRB140124527       0.  19.3729  65.6419              2300.00 
GRB160816730       0.  33.4331  18.3457              9200.00 
GRB081122520       0.  21.5135  25.8591              2500.00 
GRB160910722       0.  71.3642  79.0465               490.00 
GRB121011469       0.  55.8862  84.7977               140.00 
GRB110328520       0.  35.9984  43.2576              4000.00 
GRB140416060       0. 138.7697  94.8281             10000.00 
GRB160623209  0.36700  83.9297 112.1723             18000.00 
GRB160821857       0.  18.9958  66.8925              4700.00 
GRB111210359       0.  28.3055  24.0700               560.00 
GRB130907904  1.23800 105.4169  57.1597              5600.00 
GRB160314929       0.  60.7196 110.4926               880.00 
GRB160917479       0.  46.1434  89.6863              -670.00 
GRB130518580  2.49000  40.3493  82.4282              2100.00 
GRB131029973       0.  59.8236  94.0796              3200.00 
GRB120226871       0.  37.1119  42.1756               380.00 
GRB110213220  1.46000  98.5894  53.1952              3000.00 
GRB120729456  0.80000  82.6419  32.6788              2400.00 
GRB170306588       0.  54.4082  64.8871               500.00 
GRB130305486       0.  41.5043  99.6014              -670.00 
GRB170921168       0. 104.6085  78.1572              2700.00 
GRB150416773       0.  68.6177  90.7186              -670.00 
GRB171102107       0.  45.3952  64.7506               370.00 
GRB160101215       0.   8.9980  58.9980              -670.00 
GRB120915000       0.  10.8123  59.2287               250.00 
GRB110903111       0.  44.2750  93.8597             16000.00 
GRB150202999       0.  17.2274  66.8987              1000.00 
GRB161109263       0.  77.8826 112.4844              3400.00 
GRB150314205  1.75800  45.1127  91.9260              1900.00 
GRB081203581  2.10000  78.0198 106.1336              1000.00 
GRB110428388       0.  34.5594  84.3480              3000.00 
GRB110529034       0.  29.9601  79.9138              -670.00 
GRB151006413       0.  30.6458  80.4874               140.00 
GRB130502327       0.  46.4341  96.4185             31000.00 
GRB170728961       0.  31.4994  68.1481               630.00 
GRB081224887       0.  15.3899  49.2295              1800.00 
GRB100724029       0.  49.9812  96.2402               160.00 
GRB160509374  1.17000  33.1083  67.7610             52000.00 
GRB141113346       0.  53.6709  86.4441               530.00 
GRB160521385       0.  46.9584  94.5121             13000.00 

